2.39527 3.47331 -0.100243
2.40852 3.57114 -0.108939
2.37612 3.41411 -0.0761867
2.38516 3.43374 -0.0794882
2.40806 3.51293 -0.089286
2.41661 3.52344 -0.0594922
2.41102 3.61337 -0.0878474
2.39518 3.42424 -0.0190438
2.41553 3.48048 -0.0196676
2.42086 3.49591 -0.0136312
2.42 3.50675 -0.0287629
2.42969 3.54503 -0.0106141
2.4314 3.54868 -0.00688714
2.39946 3.40634 0.0462297
2.4159 3.45059 0.0275281
2.40949 3.44354 0.00924868
2.42377 3.47254 0.0300079
2.43507 3.5117 0.0444012
2.43395 3.51375 0.0304866
2.43574 3.5493 0.0135462
2.44159 3.57154 0.0353686
2.43949 3.6352 0.0318838
2.43294 3.4766 0.0814083
2.44376 3.51096 0.0863659
2.44924 3.52973 0.0929247
2.44651 3.60732 0.0580657
2.44382 3.48611 0.127774
2.44007 3.49198 0.0942316
2.45246 3.52344 0.118114
2.4599 3.54194 0.1362
2.46196 3.61955 0.104776
2.46656 3.64964 0.124212
2.46249 3.51207 0.197236
2.45674 3.50465 0.170826
2.46498 3.52553 0.183113
2.46142 3.52835 0.159458
2.34088 3.29216 0.232736
2.43808 3.44138 0.224809
2.43933 3.44855 0.194236
2.46642 3.5164 0.222529
2.47136 3.51939 0.247389
2.4731 3.53732 0.219371
2.43202 3.41768 0.271179
2.44316 3.43732 0.280689
2.4703 3.49625 0.300185
2.4841 3.54366 0.295301
2.48775 3.54454 0.317959
2.42366 3.40253 0.389837
2.47197 3.48661 0.401641
2.50011 3.55319 0.380119
2.39855 3.35722 0.414481
2.4857 3.50771 0.426401
2.49412 3.52755 0.423424
2.42361 3.39427 0.464863
2.45655 3.44743 0.481587
2.45748 3.44949 0.464748
2.46858 3.4698 0.466164
2.49645 3.5179 0.480946
2.41079 3.37655 0.528978
2.50954 3.52896 0.520347
2.52395 3.54752 0.532516
2.5284 3.55872 0.525858
2.43887 3.42101 0.581103
2.47147 3.46793 0.600366
2.45208 3.43886 0.562107
2.4939 3.49877 0.57831
2.52693 3.5442 0.56714
2.4318 3.40909 0.635888
2.50891 3.51597 0.619678
2.40306 3.37463 0.688466
2.4566 3.4477 0.688316
2.49956 3.50327 0.68009
2.40685 3.37395 0.724287
2.52372 3.52961 0.713467
2.43063 3.40093 0.78979
2.52426 3.51889 0.774134
2.44196 3.41205 0.825385
2.44323 3.41387 0.824327
2.52084 3.50136 0.850033
2.51393 3.49874 0.822063
2.60621 3.57434 0.824143
2.4501 3.41456 0.881113
2.43631 3.40041 0.863454
2.47871 3.44966 0.878469
2.47116 3.44024 0.877572
2.53977 3.51377 0.888852
2.55498 3.52835 0.882637
2.43623 3.3916 0.904648
2.45079 3.4066 0.928339
2.44384 3.4016 0.903165
2.49846 3.46255 0.934455
2.49016 3.45605 0.92164
2.53415 3.49569 0.94444
2.50999 3.47343 0.936446
2.5829 3.54206 0.924159
2.45038 3.39914 0.974757
2.4276 3.37096 0.951123
2.49332 3.45053 0.967718
2.45917 3.41098 0.965975
2.54166 3.49761 0.969995
2.55058 3.50969 0.952312
2.43974 3.37595 1.02958
2.43904 3.3728 1.04483
2.55445 3.50268 1.00498
2.50766 3.44718 1.07692
2.46458 3.38873 1.13832
2.53357 3.46052 1.13295
2.47068 3.392 1.16425
2.48936 3.40722 1.17741
2.53318 3.45481 1.16434
2.44094 3.35097 1.21419
2.48281 3.38886 1.24161
2.46716 3.37356 1.24321
2.52512 3.43141 1.22351
2.57786 3.47645 1.249
2.44737 3.35141 1.27437
2.52186 3.42241 1.27545
2.55726 3.45611 1.26809
2.52695 3.42649 1.2796
2.5814 3.47914 1.25278
2.42272 3.32449 1.32542
2.46939 3.36851 1.30959
2.44776 3.34961 1.30455
2.52085 3.41494 1.32397
2.55392 3.44615 1.33299
2.57707 3.46917 1.32649
2.45566 3.34889 1.389
2.50789 3.39951 1.37085
2.50517 3.39616 1.38922
2.57886 3.46815 1.35116
2.4581 3.34852 1.41733
2.5081 3.39548 1.41717
2.59388 3.464 1.45005
2.46769 3.35284 1.4619
2.48244 3.36503 1.46716

3.73679 -2.71617 -0.38803
3.48479 -2.67334 -0.414085
3.29493 -2.56934 -0.378424
3.31662 -2.54658 -0.442844
3.26763 -2.51512 -0.436669
3.21191 -2.42951 -0.424914
3.81508 -2.41157 -0.380476
3.79138 -2.38367 -0.411456
4.56847 -2.35126 -0.346934
4.68851 -2.32207 -0.371603
3.10835 -2.29586 -0.405359
4.68469 -2.26797 -0.366064
3.05683 -2.23763 -0.394346
4.86207 -2.20879 -0.308634
2.97134 -2.1602 -0.365727
4.88882 -2.18399 -0.308494
2.99414 -2.13184 -0.379105
4.82684 -2.14699 -0.363473
2.96032 -2.08885 -0.365367
4.81785 -2.07309 -0.362454
2.94907 -2.00994 -0.375663
4.74486 -2.03763 -0.378081
4.7158 -1.95663 -0.387765
4.19789 -1.85948 -0.257233
4.01311 -1.85172 -0.251246
4.66001 -1.87998 -0.40459
3.92069 -1.83282 -0.378614
3.96196 -1.77042 -0.377513
3.94993 -1.73765 -0.385209
3.96042 -1.6704 -0.39776
3.9692 -1.63904 -0.395414
3.99023 -1.55791 -0.350695
3.99484 -1.53473 -0.358773
3.06323 -1.35711 -0.357172
4.00775 -1.48827 -0.359582
3.02968 -1.34743 -0.366561
4.00752 -1.41241 -0.359092
3.02542 -1.37635 -0.368403
4.02106 -1.36535 -0.37675
3.05089 -1.35877 -0.365803
4.0087 -1.33388 -0.359373
4.00501 -1.29521 -0.360419
3.90597 -1.18434 -0.309209
3.95037 -1.16464 -0.350992
3.91358 -1.12259 -0.332558
3.96749 -1.08325 -0.367535
4.05828 -1.01181 -0.419537
3.96021 -0.98817 -0.383844
4.32915 -0.942277 -0.437522
4.28479 -0.86725 -0.411006
3.7928 -0.773184 -0.289474
4.27033 -0.822119 -0.398126
3.738 -0.727569 -0.363283
4.25106 -0.727719 -0.378797
3.78644 -0.25653 -0.352976
3.85545 -2.97733 -0.395599
3.8253 -2.92591 -0.395325
3.71747 -2.86814 -0.368852
3.75611 -2.80965 -0.385821
3.86877 -2.74949 -0.370363
3.8007 -2.74062 -0.375339
2.65996 -2.64434 -0.307193
2.95011 -2.37242 -0.357237
3.88576 -2.38747 -0.332304
4.59397 -2.34812 -0.364628
2.96021 -2.32339 -0.362964
4.65143 -2.30292 -0.364245
2.96139 -2.27438 -0.368839
4.81216 -2.26173 -0.364174
2.85422 -2.20146 -0.34085
4.71618 -2.21998 -0.36994
3.04102 -2.18851 -0.398101
4.68064 -2.18747 -0.361011
2.77752 -2.12528 -0.32983
4.77346 -2.11203 -0.374292
2.79549 -2.05689 -0.332942
4.72291 -2.06836 -0.375552
2.81227 -2.04715 -0.335214
4.73853 -2.03364 -0.378588
4.68594 -1.9796 -0.38485
4.1853 -1.87486 -0.241381
4.70916 -1.92741 -0.392509
3.95946 -1.90363 -0.306129
4.7272 -1.90253 -0.391569
3.95413 -1.82126 -0.307912
3.94827 -1.76173 -0.277524
3.9479 -1.73524 -0.291564
3.93008 -1.71042 -0.264111
3.96357 -1.64191 -0.336962
3.97873 -1.5678 -0.345729
3.98135 -1.52863 -0.305345
3.99461 -1.45481 -0.35146
2.88602 -1.39082 -0.323637
3.99738 -1.4143 -0.328979
2.96785 -1.39757 -0.330053
4.00342 -1.38715 -0.352756
3.9982 -1.30507 -0.344338
3.27536 -1.255 -0.369206
3.94599 -1.28274 -0.277242
3.48931 -1.27303 -0.252311
3.87517 -1.15479 -0.312753
3.15709 -1.01151 -0.24288
4.16229 -0.947394 -0.418719
3.79934 -0.234392 -0.327048
3.74576 -2.81453 -0.38435
2.79423 -2.78111 -0.275375
3.77552 -2.7635 -0.387421
3.78818 -2.74488 -0.38689
2.69131 -2.68332 -0.291751
3.87621 -2.35581 -0.305745
4.58397 -2.35991 -0.365391
3.9597 -2.31594 -0.255888
4.62243 -2.32648 -0.36619
4.60563 -2.23247 -0.343457
4.69146 -2.16471 -0.362996
4.71071 -2.13528 -0.369577
4.51877 -2.0748 -0.295518
4.46437 -2.03026 -0.29103
4.46508 -1.97937 -0.331317
2.46897 -1.93107 -0.304624
4.79812 -1.94053 -0.364656
4.06033 -1.85919 -0.290783
2.43372 -1.80355 -0.296167
3.97 -1.83828 -0.275045
2.67329 -1.77061 -0.284998
3.94717 -1.76578 -0.238747
3.93309 -1.71202 -0.22323
3.93716 -1.67337 -0.215307
2.76939 -1.68607 -0.285269
3.95922 -1.62923 -0.293626
3.96769 -1.52033 -0.270769
2.90532 -1.41835 -0.24687
3.9724 -1.46657 -0.288774
2.90435 -1.4135 -0.282476
3.98461 -1.40951 -0.295668
2.97578 -1.38716 -0.284538
3.98007 -1.38565 -0.287519
3.00055 -1.35828 -0.268367
3.95237 -1.33561 -0.256745
3.2662 -1.22766 -0.363019
3.93685 -1.29494 -0.251497
3.473 -1.22693 -0.260295
3.49166 -1.20458 -0.243928
3.15626 -0.970459 -0.217698
3.81532 -0.237591 -0.275838
4.61375 -2.26361 -0.34974
4.65844 -2.20276 -0.356588
4.5748 -2.19938 -0.328393
4.37861 -2.11954 -0.174502
4.38444 -2.07368 -0.190392
4.32747 -1.99944 -0.210856
4.15511 -1.92503 -0.220551
4.16657 -1.89867 -0.22304
4.05055 -1.88733 -0.232176
3.93648 -1.75071 -0.219646
2.67066 -1.68931 -0.289102
3.94004 -1.65521 -0.213343
3.95651 -1.60853 -0.244446
3.95743 -1.58843 -0.222131
3.95617 -1.5421 -0.243325
3.9667 -1.47939 -0.281378
2.91132 -1.43562 -0.215447
3.96361 -1.43069 -0.230993
2.92936 -1.41537 -0.211944
3.96353 -1.36444 -0.240446
3.9103 -1.31642 -0.187025
3.02157 -1.25015 -0.211412
3.14233 -0.954657 -0.186314
3.82966 -0.240095 -0.224878
4.31744 -2.29631 -0.22363
4.26123 -2.27707 -0.194133
4.36244 -2.19681 -0.166959
4.36851 -2.17141 -0.167548
4.37862 -2.12274 -0.174166
4.37984 -2.08546 -0.196119
4.3811 -2.05589 -0.212377
4.13999 -1.9824 -0.208184
4.12873 -1.9126 -0.170196
3.95196 -1.54057 -0.229578
2.90881 -1.45088 -0.182886
3.95327 -1.46715 -0.185306
3.9457 -1.43036 -0.176022
3.94816 -1.38655 -0.182502
3.90842 -1.33339 -0.159316
3.60292 -1.02281 -0.133794
3.08538 -0.980347 -0.166416
3.75295 -1.01469 -0.278429
3.27256 -0.961938 -0.147216
3.74157 -0.967954 -0.27964
3.16494 -0.934241 -0.158692
3.80833 -0.274392 -0.175221
4.27544 -2.26331 -0.196123
4.35321 -2.22097 -0.169429
4.36245 -2.19042 -0.168354
4.37497 -2.12756 -0.174592
4.37804 -2.0944 -0.188771
4.38078 -2.06968 -0.205129
4.1829 -1.97326 -0.195967
4.17461 -1.90169 -0.152886
3.93751 -1.57765 -0.137935
2.93037 -1.46203 -0.11443
3.94334 -1.50844 -0.137063
2.92434 -1.45748 -0.124358
3.94407 -1.48456 -0.155521
3.94362 -1.42983 -0.142201
3.94071 -1.38575 -0.160195
3.22672 -1.05159 -0.261589
3.515 -1.02287 -0.142751
3.10997 -1.08009 -0.119681
3.71407 -1.09601 -0.188376
3.07318 -0.975492 -0.121922
3.7237 -1.05419 -0.236227
3.17263 -0.915137 -0.121381
3.85976 -0.259244 -0.100037
3.37141 -2.79394 -0.053424
4.34823 -2.23002 -0.171974
4.36078 -2.19238 -0.16654
4.20496 -1.94731 -0.104944
3.53815 -1.92176 -0.0653117
4.14379 -1.90919 -0.0911071
3.9059 -1.60905 -0.0667689
2.93465 -1.49847 -0.0493816
3.9282 -1.57202 -0.082216
2.93284 -1.49309 -0.0619379
3.91897 -1.51903 -0.0617384
2.93148 -1.48749 -0.0670339
3.924 -1.47254 -0.085727
3.93773 -1.42754 -0.0866284
3.9086 -1.38037 -0.0552235
3.51397 -1.01995 -0.06728
3.69328 -1.10256 -0.15641
3.13193 -0.9283 -0.0766389
3.83462 -0.286031 -0.0788854
4.24735 -1.9145 -0.170074
4.12442 -1.88413 -0.0590312
3.89964 -1.60484 -0.0182538
2.96428 -1.56828 -0.021052
3.90337 -1.58765 -0.0407817
2.94725 -1.51629 -0.015767
3.91105 -1.52608 -0.0283566
2.94252 -1.44066 -0.000559652
3.91799 -1.49326 -0.0807736
2.9399 -1.42346 -0.0250526
3.92964 -1.43936 -0.0430724
2.94214 -1.38419 -0.0126163
3.88641 -1.36881 -0.0143105
3.597 -1.0757 -0.0787684
3.83725 -0.302914 -0.0406722
3.8572 -1.64381 0.0515951
2.97185 -1.57355 0.0152671
3.88998 -1.55137 0.0137823
2.95828 -1.532 0.0321588
3.89075 -1.52042 0.00900384
2.94044 -1.48647 0.00179041
3.90337 -1.48686 -0.0255641
2.94483 -1.43155 0.0220327
3.91109 -1.44245 0.00178616
2.93737 -1.37747 0.0197733
3.89274 -1.39796 0.011751
3.58077 -0.999372 0.023214
3.13032 -1.09815 0.0126201
3.59542 -1.07914 -0.0541367
3.89649 -0.256547 0.00196746
3.83449 -1.66924 0.0802904
2.9917 -1.60912 0.087377
3.84847 -1.63922 0.0709596
2.97889 -1.57724 0.0638278
3.86363 -1.57316 0.0726482
2.96497 -1.52535 0.0817378
3.85528 -1.54811 0.0861489
2.9475 -1.47096 0.0702694
3.87828 -1.4604 0.0758177
2.94016 -1.42355 0.0670649
3.86805 -1.43108 0.0639043
3.53863 -1.0153 0.0660536
3.68308 -0.970695 0.0274825
3.30635 -0.968934 0.0974648
3.78651 -0.485937 0.0769976
3.78555 -1.67339 0.0899988
3.80379 -0.493684 0.125631
