2.44511 -4.68109 -0.396934
2.05427 -4.49486 -0.374652
2.36682 -4.31173 -0.362818
2.5144 -4.75973 -0.427341
2.43804 -4.73892 -0.427966
2.53665 -4.73112 -0.427934
2.43896 -4.69664 -0.40351
2.49152 -4.67986 -0.413254
2.51014 -4.64932 -0.427778
2.05508 -4.49125 -0.371372
2.36851 -4.23007 -0.375239
2.30157 -4.2082 -0.292749
2.46396 -4.71324 -0.413436
2.4641 -4.62386 -0.408531
2.41124 -4.57907 -0.366463
2.19809 -4.53526 -0.32863
2.28541 -4.52371 -0.324822
2.37412 -4.52764 -0.345509
2.23153 -4.50201 -0.309452
2.04607 -4.41172 -0.308176
2.27563 -4.34555 -0.282618
2.04789 -4.34645 -0.261944
2.39652 -4.27214 -0.400713
2.33444 -4.24882 -0.331955
2.20679 -4.2447 -0.217663
2.33445 -4.20279 -0.33079
2.38825 -4.16845 -0.42224
2.2749 -4.11397 -0.243346
2.35857 -4.60949 -0.367092
2.30281 -4.56442 -0.346013
2.26064 -4.52749 -0.325027
2.33402 -4.53761 -0.335316
2.03662 -4.46409 -0.357553
2.17087 -4.47338 -0.30199
2.26331 -4.47327 -0.305787
1.95738 -4.38399 -0.356244
2.03689 -4.39118 -0.300906
2.1406 -4.39441 -0.264115
1.96459 -4.31928 -0.290647
2.11795 -4.3601 -0.249628
2.22809 -4.36214 -0.262126
2.2806 -4.32995 -0.283769
2.0681 -4.31606 -0.234416
2.13896 -4.31836 -0.226345
1.96945 -4.25375 -0.233622
2.04034 -4.27867 -0.219018
2.13975 -4.27106 -0.204463
2.00039 -4.24227 -0.208805
2.06962 -4.25107 -0.194306
2.26771 -4.48563 -0.310793
2.21687 -4.46312 -0.295097
1.95459 -4.36501 -0.342946
2.03125 -4.37729 -0.294185
1.96189 -4.30631 -0.282704
2.11318 -4.33909 -0.238834
1.91786 -4.27248 -0.299318
2.11239 -4.30092 -0.217805
2.17477 -4.29337 -0.221915
1.96728 -4.24098 -0.224804
2.11306 -4.28017 -0.207056
1.98005 -4.2214 -0.202214
2.12541 -4.20245 -0.169966
2.18604 -4.21311 -0.196642
2.01742 -4.16114 -0.145374
2.21241 -4.45176 -0.290543
1.94304 -4.32344 -0.31326
2.06042 -4.35223 -0.260327
2.16651 -4.33797 -0.238106
2.01637 -4.30487 -0.248207
2.11109 -4.32477 -0.231447
2.16888 -4.33001 -0.23496
2.05376 -4.2901 -0.222549
2.20661 -4.26613 -0.224834
1.95502 -4.20963 -0.206285
2.16869 -4.21456 -0.189104
2.04135 -4.1926 -0.162636
2.15675 -4.21495 -0.184701
2.01732 -4.148 -0.138155
2.18804 -4.43791 -0.282956
2.04553 -4.3579 -0.272263
2.15952 -4.39232 -0.261245
2.228 -4.39732 -0.273781
2.07216 -4.34734 -0.252681
2.20731 -4.33939 -0.248256
2.29756 -4.30068 -0.293667
2.15417 -4.29086 -0.216325
2.24478 -4.284 -0.251764
2.01833 -4.24528 -0.204355
2.12733 -4.26345 -0.199414
2.21866 -4.24768 -0.226158
2.26955 -4.25933 -0.264384
1.96108 -4.20472 -0.199147
2.06735 -4.2241 -0.178728
2.16283 -4.21349 -0.186357
2.02487 -4.19193 -0.165708
2.11458 -4.17922 -0.156823
2.17888 -4.19029 -0.185076
1.95284 -4.06805 -0.111751
2.08051 -4.2723 -0.205468
2.14874 -4.27257 -0.206645
2.00937 -4.2555 -0.215171
2.10264 -4.24805 -0.190528
2.21914 -4.23079 -0.22188
1.97809 -4.19307 -0.208593
2.01734 -4.1917 -0.168409
2.17197 -4.18783 -0.180727
2.0655 -4.15466 -0.137574
2.12136 -4.16025 -0.149577
1.96612 -4.11443 -0.151497
2.1184 -4.13558 -0.135981
2.17276 -4.10912 -0.14999
1.90953 -4.05869 -0.132621
2.06566 -4.10329 -0.108379
2.20988 -4.0645 -0.180057
1.86268 -4.01127 -0.108271
2.01622 -4.05416 -0.0806572
2.08619 -4.22388 -0.177272
2.24133 -4.19531 -0.229821
2.06083 -4.16025 -0.140801
2.14962 -4.18985 -0.170305
2.09151 -4.15551 -0.141371
1.84995 -4.00708 -0.110153
1.91147 -4.00171 -0.0941444
2.13829 -4.03698 -0.117943
1.86446 -3.95633 -0.0705142
1.73477 -3.93793 -0.0517238
1.94966 -3.94867 -0.0500221
2.15272 -4.18411 -0.169092
2.13047 -4.12553 -0.145284
1.90834 -3.99795 -0.0919254
2.00163 -3.99316 -0.0531095
1.91265 -3.94712 -0.05531
2.02891 -3.99334 -0.0420679
.22173 -0.165507
2.06751 -4.22462 -0.177652
2.12726 -4.21615 -0.174135
2.16493 -4.22008 -0.172217
1.99876 -4.19246 -0.176707
2.02324 -4.18659 -0.176386
2.11343 -4.17548 -0.16458
2.17852 -4.18917 -0.187484
1.92681 -4.03764 -0.16669
1.95923 -4.02351 -0.175078
2.09007 -4.30227 -0.141062
2.16114 -4.31144 -0.123146
2.0203 -4.29095 -0.141655
2.08813 -4.25692 -0.128323
2.11184 -4.2769 -0.128549
2.1986 -4.29402 -0.127248
2.23089 -4.27255 -0.131895
1.96006 -4.24753 -0.128971
2.02265 -4.2088 -0.132982
2.14725 -4.21239 -0.14979
2.17937 -4.21104 -0.130867
2.0692 -4.1664 -0.114353
2.12538 -4.17331 -0.122479
1.95996 -4.1348 -0.122052
2.08823 -4.1234 -0.119748
2.1197 -4.13981 -0.127504
2.17452 -4.11487 -0.138485
1.90763 -4.06328 -0.12647
2.05949 -4.0824 -0.147969
2.22181 -4.08192 -0.136794
1.86342 -4.00981 -0.11015
1.94006 -4.04915 -0.134858
1.97522 -4.03948 -0.132947
2.01066 -4.02674 -0.131162
2.10122 -4.27266 -0.0761252
2.23363 -4.28351 -0.0748646
2.2614 -4.25826 -0.0945788
2.03126 -4.21915 -0.0986658
2.07419 -4.2027 -0.0568241
2.13797 -4.24732 -0.0724568
2.1647 -4.23338 -0.0801925
2.10246 -4.19076 -0.0683603
1.82852 -4.04207 -0.0663413
1.90847 -4.00723 -0.087026
2.14549 -4.04799 -0.0908464
1.78888 -3.9718 -0.0861368
1.82044 -3.95805 -0.0942999
1.86489 -3.9555 -0.0714853
1.74735 -3.92053 -0.0707353
1.928 -3.928 -0.0878114
1.966 -3.91985 -0.0804857
2.14168 -4.26352 -0.0433602
2.17342 -4.24388 -0.0453939
2.16661 -4.18241 -0.00273585
1.88956 -4.03252 -0.0473542
1.99858 -4.00206 -0.0407777
1.90934 -3.95295 -0.0486706
2.03056 -3.98812 -0.0490515
1.92846 -3.87479 -0.0498779
8 -0.368839
4.81216 -2.26173 -0.364174
2.85422 -2.20146 -0.34085
4.71618 -2.21998 -0.36994
3.04102 -2.18851 -0.398101
4.68064 -2.18747 -0.361011
2.77752 -2.12528 -0.32983
4.77346 -2.11203 -0.374292
2.79549 -2.05689 -0.332942
4.72291 -2.06836 -0.375552
2.81227 -2.04715 -0.335214
4.73853 -2.03364 -0.378588
4.68594 -1.9796 -0.38485
4.1853 -1.87486 -0.241381
4.70916 -1.92741 -0.392509
3.95946 -1.90363 -0.306129
4.7272 -1.90253 -0.391569
3.95413 -1.82126 -0.307912
3.94827 -1.76173 -0.277524
3.9479 -1.73524 -0.291564
3.93008 -1.71042 -0.264111
3.96357 -1.64191 -0.336962
3.97873 -1.5678 -0.345729
3.98135 -1.52863 -0.305345
3.99461 -1.45481 -0.35146
2.88602 -1.39082 -0.323637
3.99738 -1.4143 -0.328979
2.96785 -1.39757 -0.330053
4.00342 -1.38715 -0.352756
3.9982 -1.30507 -0.344338
3.27536 -1.255 -0.369206
3.94599 -1.28274 -0.277242
3.48931 -1.27303 -0.252311
3.87517 -1.15479 -0.312753
3.15709 -1.01151 -0.24288
4.16229 -0.947394 -0.418719
3.79934 -0.234392 -0.327048
3.74576 -2.81453 -0.38435
2.79423 -2.78111 -0.275375
3.77552 -2.7635 -0.387421
3.78818 -2.74488 -0.38689
2.69131 -2.68332 -0.291751
3.87621 -2.35581 -0.305745
4.58397 -2.35991 -0.365391
3.9597 -2.31594 -0.255888
4.62243 -2.32648 -0.36619
4.60563 -2.23247 -0.343457
4.69146 -2.16471 -0.362996
4.71071 -2.13528 -0.369577
4.51877 -2.0748 -0.295518
4.46437 -2.03026 -0.29103
4.46508 -1.97937 -0.331317
2.46897 -1.93107 -0.304624
4.79812 -1.94053 -0.364656
4.06033 -1.85919 -0.290783
2.43372 -1.80355 -0.296167
3.97 -1.83828 -0.275045
2.67329 -1.77061 -0.284998
3.94717 -1.76578 -0.238747
3.93309 -1.71202 -0.22323
3.93716 -1.67337 -0.215307
2.76939 -1.68607 -0.285269
3.95922 -1.62923 -0.293626
3.96769 -1.52033 -0.270769
2.90532 -1.41835 -0.24687
3.9724 -1.46657 -0.288774
2.90435 -1.4135 -0.282476
3.98461 -1.40951 -0.295668
2.97578 -1.38716 -0.284538
3.98007 -1.38565 -0.287519
3.00055 -1.35828 -0.268367
3.95237 -1.33561 -0.256745
3.2662 -1.22766 -0.363019
3.93685 -1.29494 -0.251497
3.473 -1.22693 -0.260295
3.49166 -1.20458 -0.243928
3.15626 -0.970459 -0.217698
3.81532 -0.237591 -0.275838
4.61375 -2.26361 -0.34974
4.65844 -2.20276 -0.356588
4.5748 -2.19938 -0.328393
4.37861 -2.11954 -0.174502
4.38444 -2.07368 -0.190392
4.32747 -1.99944 -0.210856
4.15511 -1.92503 -0.220551
4.16657 -1.89867 -0.22304
4.05055 -1.88733 -0.232176
3.93648 -1.75071 -0.219646
2.67066 -1.68931 -0.289102
3.94004 -1.65521 -0.213343
3.95651 -1.60853 -0.244446
3.95743 -1.58843 -0.222131
3.95617 -1.5421 -0.243325
3.9667 -1.47939 -0.281378
2.91132 -1.43562 -0.215447
3.96361 -1.43069 -0.230993
2.92936 -1.41537 -0.211944
3.96353 -1.36444 -0.240446
3.9103 -1.31642 -0.187025
3.02157 -1.25015 -0.211412
3.14233 -0.954657 -0.186314
3.82966 -0.240095 -0.224878
4.31744 -2.29631 -0.22363
4.26123 -2.27707 -0.194133
4.36244 -2.19681 -0.166959
4.36851 -2.17141 -0.167548
4.37862 -2.12274 -0.174166
4.37984 -2.08546 -0.196119
4.3811 -2.05589 -0.212377
4.13999 -1.9824 -0.208184
4.12873 -1.9126 -0.170196
3.95196 -1.54057 -0.229578
2.90881 -1.45088 -0.182886
3.95327 -1.46715 -0.185306
3.9457 -1.43036 -0.176022
3.94816 -1.38655 -0.182502
3.90842 -1.33339 -0.159316
3.60292 -1.02281 -0.133794
3.08538 -0.980347 -0.166416
3.75295 -1.01469 -0.278429
3.27256 -0.961938 -0.147216
3.74157 -0.967954 -0.27964
3.16494 -0.934241 -0.158692
3.80833 -0.274392 -0.175221
4.27544 -2.26331 -0.196123
4.35321 -2.22097 -0.169429
4.36245 -2.19042 -0.168354
4.37497 -2.12756 -0.174592
4.37804 -2.0944 -0.188771
4.38078 -2.06968 -0.205129
4.1829 -1.97326 -0.195967
4.17461 -1.90169 -0.152886
3.93751 -1.57765 -0.137935
2.93037 -1.46203 -0.11443
3.94334 -1.50844 -0.137063
2.92434 -1.45748 -0.124358
3.94407 -1.48456 -0.155521
3.94362 -1.42983 -0.142201
3.94071 -1.38575 -0.160195
3.22672 -1.05159 -0.261589
3.515 -1.02287 -0.142751
3.10997 -1.08009 -0.119681
3.71407 -1.09601 -0.188376
3.07318 -0.975492 -0.121922
3.7237 -1.05419 -0.236227
3.17263 -0.915137 -0.121381
3.85976 -0.259244 -0.100037
3.37141 -2.79394 -0.053424
4.34823 -2.23002 -0.171974
4.36078 -2.19238 -0.16654
4.20496 -1.94731 -0.104944
3.53815 -1.92176 -0.0653117
4.14379 -1.90919 -0.0911071
3.9059 -1.60905 -0.0667689
2.93465 -1.49847 -0.0493816
3.9282 -1.57202 -0.082216
2.93284 -1.49309 -0.0619379
3.91897 -1.51903 -0.0617384
2.93148 -1.48749 -0.0670339
3.924 -1.47254 -0.085727
3.93773 -1.42754 -0.0866284
3.9086 -1.38037 -0.0552235
3.51397 -1.01995 -0.06728
3.69328 -1.10256 -0.15641
3.13193 -0.9283 -0.0766389
3.83462 -0.286031 -0.0788854
4.24735 -1.9145 -0.170074
4.12442 -1.88413 -0.0590312
3.89964 -1.60484 -0.0182538
2.96428 -1.56828 -0.021052
3.90337 -1.58765 -0.0407817
2.94725 -1.51629 -0.015767
3.91105 -1.52608 -0.0283566
2.94252 -1.44066 -0.000559652
3.91799 -1.49326 -0.0807736
2.9399 -1.42346 -0.0250526
3.92964 -1.43936 -0.0430724
2.94214 -1.38419 -0.0126163
3.88641 -1.36881 -0.0143105
3.597 -1.0757 -0.0787684
3.83725 -0.302914 -0.0406722
3.8572 -1.64381 0.0515951
2.97185 -1.57355 0.0152671
3.88998 -1.55137 0.0137823
2.95828 -1.532 0.0321588
3.89075 -1.52042 0.00900384
2.94044 -1.48647 0.00179041
3.90337 -1.48686 -0.0255641
2.94483 -1.43155 0.0220327
3.91109 -1.44245 0.00178616
2.93737 -1.37747 0.0197733
3.89274 -1.39796 0.011751
3.58077 -0.999372 0.023214
3.13032 -1.09815 0.0126201
3.59542 -1.07914 -0.0541367
3.89649 -0.256547 0.00196746
3.83449 -1.66924 0.0802904
2.9917 -1.60912 0.087377
3.84847 -1.63922 0.0709596
2.97889 -1.57724 0.0638278
3.86363 -1.57316 0.0726482
2.96497 -1.52535 0.0817378
3.85528 -1.54811 0.0861489
2.9475 -1.47096 0.0702694
3.87828 -1.4604 0.0758177
2.94016 -1.42355 0.0670649
3.86805 -1.43108 0.0639043
3.53863 -1.0153 0.0660536
3.68308 -0.970695 0.0274825
3.30635 -0.968934 0.0974648
3.78651 -0.485937 0.0769976
3.78555 -1.67339 0.0899988
3.80379 -0.493684 0.125631
