1.37612 -1.5311 -0.0583373
1.36085 -1.44772 -0.111045
1.40918 -1.14258 -0.108405
1.5021 -1.11043 -0.0934213
1.39206 -1.08776 -0.106972
1.44569 -1.07938 -0.0990896
1.59901 -1.58943 0.0484311
1.50452 -1.61937 -0.00342809
1.55991 -1.59518 0.0238341
1.42625 -1.50959 -0.0584475
1.76882 -1.49268 0.00771395
1.46991 -1.46979 -0.0691353
1.67188 -1.44689 -0.0332425
1.47568 -1.43533 -0.0795617
1.57347 -1.43949 -0.0634412
1.66444 -1.42555 -0.0444301
1.66221 -1.35037 -0.0684699
2.09587 -1.37439 -0.0220243
1.61592 -1.30149 -0.0792026
1.68216 -1.32379 -0.0729569
1.75184 -1.31851 -0.0631515
2.08365 -1.34483 -0.0291118
1.54681 -1.2741 -0.089934
1.67869 -1.27217 -0.0728075
1.75662 -1.30017 -0.0615666
1.93103 -1.25508 -0.0639601
2.02972 -1.24935 -0.0456171
1.56949 -1.22755 -0.0883381
1.67974 -1.22337 -0.0784846
1.77695 -1.22761 -0.0782894
1.87043 -1.21107 -0.0688503
1.95197 -1.226 -0.0585159
2.07497 -1.2243 -0.0387111
1.47062 -1.16843 -0.107249
1.53423 -1.19129 -0.100412
1.58608 -1.17103 -0.0912133
1.65007 -1.16727 -0.0818266
1.71676 -1.17536 -0.0798714
1.81447 -1.18107 -0.0723206
1.86983 -1.16095 -0.0646069
1.92544 -1.17713 -0.0598481
1.99381 -1.16902 -0.0509006
2.07929 -1.1968 -0.043292
1.46701 -1.14393 -0.105763
1.5363 -1.1257 -0.0909473
1.71018 -1.11882 -0.0729301
1.87087 -1.1238 -0.0627803
1.96347 -1.13576 -0.053673
1.43322 -1.07828 -0.100421
1.61717 -1.06061 -0.0752792
1.76476 -1.09327 -0.0701148
1.58295 -1.04609 -0.0769361
1.51266 -1.65158 0.02794
1.55764 -1.59057 0.0209576
1.58202 -1.54556 0.000265003
1.81174 -1.51077 0.0407401
1.62224 -1.52108 -0.000207171
1.8105 -1.4826 0.00902432
1.42754 -1.48168 -0.0788186
1.50441 -1.49739 -0.0548854
1.80773 -1.45466 -0.011931
2.03532 -1.45651 -0.0250563
1.52959 -1.45477 -0.0700977
1.85093 -1.43059 -0.0211263
2.06586 -1.41818 -0.0237598
1.82789 -1.35553 -0.0479765
2.07823 -1.38265 -0.0263807
2.01037 -1.30124 -0.0486379
2.16566 -1.30082 -0.00991718
2.00428 -1.26898 -0.0498889
2.06127 -1.2577 -0.0400948
2.12401 -1.23781 -0.0288699
1.50624 -1.66507 0.0347028
1.59219 -1.57747 0.0418145
1.65563 -1.52746 0.0129113
1.70793 -1.52701 0.0262931
2.12761 -1.39894 -0.00839024
2.13335 -1.34032 -0.0159746
2.16716 -1.29666 -0.00995927
1.51038 -1.65965 0.0412568
1.55024 -1.61608 0.0381403
1.62844 -1.54539 0.0234841
1.70741 -1.53098 0.0301139
1.54013 -1.64455 0.0644632
1.62254 -1.59053 0.0761846
1.5839 -1.65748 0.230602
1.49068 -1.71898 0.112462
1.55691 -1.67451 0.166113
1.54198 -1.67785 0.125653
1.61922 -1.61766 0.128615
1.64865 -1.58222 0.0772346
1.55849 -1.6767 0.234392
1.49955 -1.72353 0.159598
1.52528 -1.70253 0.201634
1.59165 -1.6523 0.241631
1.61839 -1.63234 0.227717
1.66434 -1.60074 0.147891
1.55931 -1.68571 0.295587
1.6842 -1.59834 0.206527
1.54677 -1.7257 0.351914
1.55811 -1.70238 0.346757
1.63971 -1.60121 0.326074
1.59037 -1.64958 0.393099
1.63632 -1.62163 0.395366
19629 3.90802 0.381493
3.19209 3.89541 0.347814
3.2045 3.94629 0.376549
3.20535 3.95071 0.375004
3.21242 4.01774 0.369547
3.21459 4.11808 0.397737
3.11641 3.72432 0.415045
3.11817 3.72977 0.409086
3.13927 3.75784 0.423967
3.16874 3.80909 0.449371
3.17497 3.82926 0.427251
3.17977 3.83954 0.427614
3.19766 3.89715 0.425572
3.20222 3.91761 0.428735
3.20738 3.94339 0.403769
3.21571 3.99229 0.426145
3.10072 3.69631 0.458111
3.13208 3.73757 0.475429
3.14768 3.76628 0.457747
3.15747 3.78251 0.476188
3.17022 3.80813 0.480387
3.16734 3.79865 0.466618
3.19039 3.85251 0.489112
3.1881 3.85001 0.467637
3.19933 3.89413 0.45836
3.21132 3.93041 0.493429
3.2091 3.91553 0.48775
3.20382 3.91233 0.455226
3.21055 3.94059 0.455542
3.21603 4.1579 0.483897
3.063 3.65889 0.522069
3.15833 3.77209 0.535857
3.14666 3.75514 0.512532
3.17779 3.80915 0.534658
3.1822 3.81708 0.528407
3.20157 3.86227 0.549677
3.20986 3.89057 0.553866
3.21134 3.90399 0.523745
3.2297 4.04901 0.542852
3.22335 4.12084 0.527989
3.10915 3.69999 0.550406
3.12898 3.72212 0.573996
3.16052 3.76125 0.598117
3.18376 3.81354 0.565917
3.21732 3.90406 0.572804
3.23046 3.97534 0.564059
3.23381 4.01907 0.571881
3.09378 3.67446 0.632518
3.15431 3.74353 0.617732
3.18437 3.7974 0.617347
3.1929 3.8045 0.638224
3.21446 3.86001 0.632249
3.22264 3.8822 0.633705
3.23865 3.96792 0.622835
3.24736 4.0111 0.639849
3.23672 3.97988 0.590861
3.24258 4.03779 0.602784
3.07211 3.64775 0.667181
3.18799 3.79344 0.660111
3.1956 3.79904 0.671111
3.22976 3.88238 0.686
3.24212 3.91244 0.707513
3.22132 3.85993 0.666458
3.23504 3.9085 0.665607
3.25206 3.95001 0.700818
3.23972 3.92802 0.661717
3.24664 3.96539 0.667204
3.04684 3.62312 0.701427
3.10283 3.66473 0.736447
3.11438 3.67635 0.722079
3.15854 3.72659 0.719374
3.20213 3.79717 0.730179
3.19935 3.79221 0.721268
3.21644 3.82503 0.738425
3.24277 3.89924 0.724849
3.22886 3.86743 0.693133
3.24905 3.92022 0.72033
3.26226 3.98188 0.704579
3.11699 3.67473 0.772926
3.22586 3.83607 0.764012
3.23136 3.84651 0.771138
3.24219 3.87598 0.768999
3.20915 3.80014 0.75608
3.23755 3.8611 0.768242
3.25969 3.91553 0.777603
3.26553 3.94531 0.756511
3.1235 3.67769 0.800298
3.14779 3.69902 0.829288
3.13043 3.68142 0.803711
3.16375 3.71799 0.820754
3.20895 3.77895 0.82976
3.25318 3.85992 0.846717
3.28131 3.94055 0.84096
3.20262 3.76024 0.870158
3.2302 3.80531 0.868865
3.23816 3.81464 0.872894
3.26365 3.86141 0.888212
3.24691 3.83565 0.868223
3.27155 3.88187 0.883865
3.12902 3.6645 0.939409
3.15835 3.69505 0.922421
3.18118 3.71932 0.942665
3.17644 3.71882 0.903404
3.2145 3.7675 0.914049
3.18802 3.72614 0.940423
3.20709 3.75718 0.903978
3.2518 3.82058 0.935354
3.27797 3.86793 0.945768
3.26224 3.84186 0.926673
3.27686 3.87102 0.935523
3.29622 3.9146 0.928751
3.30682 3.94855 0.929108
3.13987 3.67356 0.985528
3.17821 3.71438 1.0051
3.17313 3.70682 0.970957
3.24672 3.80165 0.974975
3.26967 3.84035 0.975355
3.27384 3.84667 0.970591
3.30442 3.91705 0.957837
3.10204 3.62881 1.00474
3.14057 3.66942 1.0258
3.17787 3.70928 1.03645
3.22658 3.76477 1.04303
3.21495 3.75344 1.00908
3.22648 3.76914 1.01139
3.28545 3.85095 1.01422
3.12909 3.65429 1.06191
3.25764 3.79995 1.05927
3.28687 3.83086 1.08084
3.24393 3.773 1.11465
3.24539 3.77841 1.09145
3.32629 3.87 1.12065
3.16484 3.68718 1.17018
3.21708 3.74096 1.18151
3.24485 3.77183 1.17548
3.26495 3.79303 1.17477
3.33175 3.87314 1.15309
3.18507 3.70472 1.21765
3.23096 3.75391 1.22342
3.26365 3.78894 1.2053
3.27144 3.79292 1.23582
3.28993 3.81833 1.21098
3.18499 3.70493 1.27241
3.22731 3.74664 1.26457
3.26597 3.78792 1.26759
3.1426 3.67138 1.31406
3.22971 3.74489 1.32972
3.28705 3.801 1.33355
3.29514 3.81197 1.31879
3.24087 3.74706 1.39264
3.23726 3.74503 1.38196
3.29609 3.80391 1.36557
3.36504 3.86274 1.36877
3.21372 3.72479 1.42075
3.25796 3.75594 1.43325
3.23964 3.74361 1.42693
3.27455 3.76881 1.43422
3.31802 3.80216 1.439
3.28877 3.786 1.4165
3.18853 3.71212 1.49456
3.28113 3.76793 1.47523
3.32192 3.79341 1.47052
2923 -0.293626
3.96769 -1.52033 -0.270769
2.90532 -1.41835 -0.24687
3.9724 -1.46657 -0.288774
2.90435 -1.4135 -0.282476
3.98461 -1.40951 -0.295668
2.97578 -1.38716 -0.284538
3.98007 -1.38565 -0.287519
3.00055 -1.35828 -0.268367
3.95237 -1.33561 -0.256745
3.2662 -1.22766 -0.363019
3.93685 -1.29494 -0.251497
3.473 -1.22693 -0.260295
3.49166 -1.20458 -0.243928
3.15626 -0.970459 -0.217698
3.81532 -0.237591 -0.275838
4.61375 -2.26361 -0.34974
4.65844 -2.20276 -0.356588
4.5748 -2.19938 -0.328393
4.37861 -2.11954 -0.174502
4.38444 -2.07368 -0.190392
4.32747 -1.99944 -0.210856
4.15511 -1.92503 -0.220551
4.16657 -1.89867 -0.22304
4.05055 -1.88733 -0.232176
3.93648 -1.75071 -0.219646
2.67066 -1.68931 -0.289102
3.94004 -1.65521 -0.213343
3.95651 -1.60853 -0.244446
3.95743 -1.58843 -0.222131
3.95617 -1.5421 -0.243325
3.9667 -1.47939 -0.281378
2.91132 -1.43562 -0.215447
3.96361 -1.43069 -0.230993
2.92936 -1.41537 -0.211944
3.96353 -1.36444 -0.240446
3.9103 -1.31642 -0.187025
3.02157 -1.25015 -0.211412
3.14233 -0.954657 -0.186314
3.82966 -0.240095 -0.224878
4.31744 -2.29631 -0.22363
4.26123 -2.27707 -0.194133
4.36244 -2.19681 -0.166959
4.36851 -2.17141 -0.167548
4.37862 -2.12274 -0.174166
4.37984 -2.08546 -0.196119
4.3811 -2.05589 -0.212377
4.13999 -1.9824 -0.208184
4.12873 -1.9126 -0.170196
3.95196 -1.54057 -0.229578
2.90881 -1.45088 -0.182886
3.95327 -1.46715 -0.185306
3.9457 -1.43036 -0.176022
3.94816 -1.38655 -0.182502
3.90842 -1.33339 -0.159316
3.60292 -1.02281 -0.133794
3.08538 -0.980347 -0.166416
3.75295 -1.01469 -0.278429
3.27256 -0.961938 -0.147216
3.74157 -0.967954 -0.27964
3.16494 -0.934241 -0.158692
3.80833 -0.274392 -0.175221
4.27544 -2.26331 -0.196123
4.35321 -2.22097 -0.169429
4.36245 -2.19042 -0.168354
4.37497 -2.12756 -0.174592
4.37804 -2.0944 -0.188771
4.38078 -2.06968 -0.205129
4.1829 -1.97326 -0.195967
4.17461 -1.90169 -0.152886
3.93751 -1.57765 -0.137935
2.93037 -1.46203 -0.11443
3.94334 -1.50844 -0.137063
2.92434 -1.45748 -0.124358
3.94407 -1.48456 -0.155521
3.94362 -1.42983 -0.142201
3.94071 -1.38575 -0.160195
3.22672 -1.05159 -0.261589
3.515 -1.02287 -0.142751
3.10997 -1.08009 -0.119681
3.71407 -1.09601 -0.188376
3.07318 -0.975492 -0.121922
3.7237 -1.05419 -0.236227
3.17263 -0.915137 -0.121381
3.85976 -0.259244 -0.100037
3.37141 -2.79394 -0.053424
4.34823 -2.23002 -0.171974
4.36078 -2.19238 -0.16654
4.20496 -1.94731 -0.104944
3.53815 -1.92176 -0.0653117
4.14379 -1.90919 -0.0911071
3.9059 -1.60905 -0.0667689
2.93465 -1.49847 -0.0493816
3.9282 -1.57202 -0.082216
2.93284 -1.49309 -0.0619379
3.91897 -1.51903 -0.0617384
2.93148 -1.48749 -0.0670339
3.924 -1.47254 -0.085727
3.93773 -1.42754 -0.0866284
3.9086 -1.38037 -0.0552235
3.51397 -1.01995 -0.06728
3.69328 -1.10256 -0.15641
3.13193 -0.9283 -0.0766389
3.83462 -0.286031 -0.0788854
4.24735 -1.9145 -0.170074
4.12442 -1.88413 -0.0590312
3.89964 -1.60484 -0.0182538
2.96428 -1.56828 -0.021052
3.90337 -1.58765 -0.0407817
2.94725 -1.51629 -0.015767
3.91105 -1.52608 -0.0283566
2.94252 -1.44066 -0.000559652
3.91799 -1.49326 -0.0807736
2.9399 -1.42346 -0.0250526
3.92964 -1.43936 -0.0430724
2.94214 -1.38419 -0.0126163
3.88641 -1.36881 -0.0143105
3.597 -1.0757 -0.0787684
3.83725 -0.302914 -0.0406722
3.8572 -1.64381 0.0515951
2.97185 -1.57355 0.0152671
3.88998 -1.55137 0.0137823
2.95828 -1.532 0.0321588
3.89075 -1.52042 0.00900384
2.94044 -1.48647 0.00179041
3.90337 -1.48686 -0.0255641
2.94483 -1.43155 0.0220327
3.91109 -1.44245 0.00178616
2.93737 -1.37747 0.0197733
3.89274 -1.39796 0.011751
3.58077 -0.999372 0.023214
3.13032 -1.09815 0.0126201
3.59542 -1.07914 -0.0541367
3.89649 -0.256547 0.00196746
3.83449 -1.66924 0.0802904
2.9917 -1.60912 0.087377
3.84847 -1.63922 0.0709596
2.97889 -1.57724 0.0638278
3.86363 -1.57316 0.0726482
2.96497 -1.52535 0.0817378
3.85528 -1.54811 0.0861489
2.9475 -1.47096 0.0702694
3.87828 -1.4604 0.0758177
2.94016 -1.42355 0.0670649
3.86805 -1.43108 0.0639043
3.53863 -1.0153 0.0660536
3.68308 -0.970695 0.0274825
3.30635 -0.968934 0.0974648
3.78651 -0.485937 0.0769976
3.78555 -1.67339 0.0899988
3.80379 -0.493684 0.125631
