2.66455 -1.17341 1.10552
2.71865 -1.17014 1.10856
2.82572 -1.17121 1.08611
2.96269 -1.16749 1.07284
2.77976 -1.1365 1.12322
2.87823 -1.14131 1.10878
2.93383 -1.14578 1.10009
2.79353 -1.09302 1.15578
2.75441 -1.04387 1.18776
2.87967 -0.978224 1.24476
2.62831 -1.20981 1.11813
2.68316 -1.22367 1.11602
2.78219 -1.22239 1.10354
2.63522 -1.16933 1.11807
2.72746 -1.16223 1.11175
2.8362 -1.1477 1.10399
2.57517 -1.10958 1.1434
2.64936 -1.1221 1.13565
2.72192 -1.12299 1.13473
2.81904 -1.12289 1.13026
2.91346 -1.12125 1.13166
2.56774 -1.07769 1.152
2.65946 -1.08223 1.16113
2.75422 -1.08497 1.16093
2.81576 -1.08584 1.16228
2.86603 -1.09978 1.15233
2.98879 -1.08569 1.18119
3.07726 -1.07967 1.21937
2.61139 -1.03322 1.17909
2.75572 -1.04006 1.1901
2.85129 -1.04468 1.19725
2.95154 -1.05593 1.20478
3.01194 -1.0457 1.23309
3.07628 -1.06703 1.24287
2.61031 -1.00961 1.1904
2.65445 -0.998827 1.20377
2.71126 -1.00097 1.20799
2.79674 -0.996989 1.21825
2.8473 -1.00349 1.22356
2.89513 -1.00939 1.23002
2.96353 -1.01879 1.24129
2.65593 -0.952369 1.21934
2.78989 -0.961769 1.23236
2.88001 -0.986121 1.24059
2.7409 -0.908669 1.23781
2.87662 -0.919789 1.26789
2.74216 -0.868439 1.24292
2.8014 -0.874408 1.2557
2.85222 -0.873567 1.27001
2.73859 -0.832196 1.24554
2.86395 -0.800448 1.27572
2.78298 -1.13894 1.11605
2.86911 -1.14431 1.10437
3.08783 -1.12032 1.11999
2.78084 -1.10704 1.14441
2.83626 -1.10704 1.14472
2.95944 -1.10753 1.14989
3.09352 -1.11202 1.12989
2.77764 -1.0725 1.17059
2.87315 -1.06262 1.18603
2.97164 -1.07398 1.19016
3.02156 -1.08137 1.19334
3.08937 -1.06766 1.23336
2.72024 -1.03443 1.19059
2.80833 -1.03271 1.19984
2.90998 -1.03932 1.21107
3.06923 -1.04697 1.25615
2.714 -0.988196 1.21124
2.81751 -0.990037 1.2252
2.90377 -0.996451 1.24054
2.99065 -0.998507 1.26709
3.04897 -1.02589 1.27014
2.66609 -0.942793 1.22163
2.85014 -0.948726 1.2505
2.89952 -0.959593 1.25963
2.99143 -0.96385 1.29156
3.03364 -0.965584 1.31852
2.65328 -0.890804 1.23025
2.71301 -0.893821 1.23523
2.80678 -0.900605 1.2532
2.89319 -0.908043 1.27666
2.98695 -0.919493 1.31259
2.62022 -0.822754 1.22439
2.66855 -0.845512 1.23419
2.75195 -0.847865 1.24572
2.80388 -0.855171 1.25781
2.88555 -0.850144 1.28339
2.9332 -0.845457 1.30334
2.99252 -0.878728 1.32991
2.61667 -0.796247 1.22196
2.66532 -0.784455 1.22733
2.71151 -0.793716 1.23849
2.76376 -0.806048 1.24659
2.89208 -0.806207 1.28603
2.94511 -0.820067 1.31038
2.77145 -0.749809 1.23847
2.84699 -0.771692 1.26539
2.96866 -0.795532 1.31862
2.85865 -0.707302 1.24571
2.74073 -1.09872 1.15024
2.84852 -1.09414 1.15672
2.63914 -1.04637 1.18011
2.77328 -1.05714 1.18082
2.87624 -1.05478 1.19288
2.67103 -1.01641 1.19718
2.72801 -1.01599 1.20053
2.82407 -1.02095 1.20924
2.91923 -1.02407 1.22514
3.01828 -1.025 1.25462
2.61998 -0.967819 1.20934
2.72072 -0.975039 1.21694
2.81668 -0.975995 1.23165
2.86513 -0.981457 1.23948
2.96712 -0.987125 1.26648
3.02341 -1.00105 1.27885
2.62008 -0.922761 1.2198
2.76904 -0.929706 1.23849
2.91204 -0.968513 1.25903
2.61033 -0.881861 1.22345
2.66985 -0.882139 1.23178
2.81477 -0.891549 1.25681
2.90756 -0.905059 1.28254
2.62629 -0.81554 1.22464
2.76803 -0.838053 1.2493
2.89351 -0.844054 1.28664
2.62357 -0.788746 1.22105
2.71898 -0.770461 1.23282
2.90246 -0.794418 1.28927
2.66519 -0.752413 1.21941
2.77697 -0.72794 1.23008
2.86792 -0.761279 1.27057
2.94775 -0.7537 1.29997
2.86152 -0.678687 1.22769
2.92996 -0.71822 1.27793
2.86143 -0.637871 1.18195
2.87971 -1.04091 1.20433
2.97286 -1.05476 1.21073
2.63683 -0.983278 1.20566
2.72963 -0.992994 1.21104
2.8731 -1.01265 1.22307
2.93987 -1.00678 1.24355
2.6361 -0.96656 1.21075
2.72225 -0.972844 1.21791
2.81743 -0.962162 1.23765
2.87291 -0.966469 1.24885
2.96984 -0.991213 1.26463
3.02515 -0.982145 1.29503
2.62602 -0.897899 1.22323
2.68089 -0.914532 1.22748
2.78128 -0.914564 1.24455
2.90244 -0.926132 1.27427
3.03907 -0.962421 1.32436
2.56786 -0.852692 1.22482
2.66851 -0.869486 1.2294
2.78274 -0.859852 1.25228
2.86005 -0.889217 1.27005
2.90637 -0.881355 1.2874
2.96997 -0.882261 1.31511
2.57119 -0.826747 1.22529
2.68542 -0.797416 1.22862
2.86586 -0.810372 1.2762
2.91687 -0.859877 1.29459
2.96633 -0.846722 1.31983
2.72857 -0.755511 1.22466
2.87177 -0.77468 1.27451
2.98404 -0.810322 1.3305
2.78583 -0.722666 1.23048
2.83411 -0.714814 1.24253
2.92127 -0.72226 1.27874
2.9736 -0.743254 1.30617
2.85829 -0.683229 1.23021
2.97308 -0.688249 1.27377
2.92968 -1.02589 1.22624
2.93844 -0.997669 1.24957
2.72861 -0.920087 1.23351
2.88855 -0.952284 1.25965
2.71427 -0.897044 1.23502
2.79133 -0.91331 1.247
2.89857 -0.929549 1.27177
2.68592 -0.842295 1.22998
2.76117 -0.855728 1.24753
2.65411 -0.824365 1.22573
2.87125 -0.736443 1.26511
2.76497 -0.706751 1.2147
2.9683 -0.679073 1.24743
2.94788 -1.01478 1.23985
2.89759 -0.977051 1.2502
2.95359 -0.984763 1.26319
3.08768 -1.0009 1.31878
2.80678 -0.908465 1.25162
2.93367 -0.949465 1.27583
2.99964 -0.940638 1.30895
3.05956 -0.97416 1.32977
2.80774 -0.89462 1.25451
2.86422 -0.860054 1.27527
2.91589 -0.909477 1.28439
3.02095 -0.922952 1.33187
2.86547 -0.843318 1.27668
2.97815 -0.87451 1.32222
2.81738 -0.779685 1.25726
2.94714 -0.975426 1.26677
3.09346 -0.981148 1.35008
2.80769 -0.894856 1.25446
2.90692 -0.916903 1.27887
3.04295 -0.941411 1.34178
2.85833 -0.852465 1.27389
3.00657 -0.890507 1.33517
2.86126 -0.822691 1.27524
2.98877 -0.854437 1.33192
2.84668 -0.790251 1.26819
2.95708 -0.949755 1.28504
3.08668 -1.01448 1.48979
2.83434 -0.879105 1.26398
2.92449 -0.903885 1.28928
3.00946 -0.919099 1.32606
3.09319 -0.943685 1.37914
2.8335 -0.851691 1.26622
2.90162 -0.869435 1.28784
3.03726 -0.899215 1.35581
2.86476 -0.810138 1.2765
82126 -0.307912
3.94827 -1.76173 -0.277524
3.9479 -1.73524 -0.291564
3.93008 -1.71042 -0.264111
3.96357 -1.64191 -0.336962
3.97873 -1.5678 -0.345729
3.98135 -1.52863 -0.305345
3.99461 -1.45481 -0.35146
2.88602 -1.39082 -0.323637
3.99738 -1.4143 -0.328979
2.96785 -1.39757 -0.330053
4.00342 -1.38715 -0.352756
3.9982 -1.30507 -0.344338
3.27536 -1.255 -0.369206
3.94599 -1.28274 -0.277242
3.48931 -1.27303 -0.252311
3.87517 -1.15479 -0.312753
3.15709 -1.01151 -0.24288
4.16229 -0.947394 -0.418719
3.79934 -0.234392 -0.327048
3.74576 -2.81453 -0.38435
2.79423 -2.78111 -0.275375
3.77552 -2.7635 -0.387421
3.78818 -2.74488 -0.38689
2.69131 -2.68332 -0.291751
3.87621 -2.35581 -0.305745
4.58397 -2.35991 -0.365391
3.9597 -2.31594 -0.255888
4.62243 -2.32648 -0.36619
4.60563 -2.23247 -0.343457
4.69146 -2.16471 -0.362996
4.71071 -2.13528 -0.369577
4.51877 -2.0748 -0.295518
4.46437 -2.03026 -0.29103
4.46508 -1.97937 -0.331317
2.46897 -1.93107 -0.304624
4.79812 -1.94053 -0.364656
4.06033 -1.85919 -0.290783
2.43372 -1.80355 -0.296167
3.97 -1.83828 -0.275045
2.67329 -1.77061 -0.284998
3.94717 -1.76578 -0.238747
3.93309 -1.71202 -0.22323
3.93716 -1.67337 -0.215307
2.76939 -1.68607 -0.285269
3.95922 -1.62923 -0.293626
3.96769 -1.52033 -0.270769
2.90532 -1.41835 -0.24687
3.9724 -1.46657 -0.288774
2.90435 -1.4135 -0.282476
3.98461 -1.40951 -0.295668
2.97578 -1.38716 -0.284538
3.98007 -1.38565 -0.287519
3.00055 -1.35828 -0.268367
3.95237 -1.33561 -0.256745
3.2662 -1.22766 -0.363019
3.93685 -1.29494 -0.251497
3.473 -1.22693 -0.260295
3.49166 -1.20458 -0.243928
3.15626 -0.970459 -0.217698
3.81532 -0.237591 -0.275838
4.61375 -2.26361 -0.34974
4.65844 -2.20276 -0.356588
4.5748 -2.19938 -0.328393
4.37861 -2.11954 -0.174502
4.38444 -2.07368 -0.190392
4.32747 -1.99944 -0.210856
4.15511 -1.92503 -0.220551
4.16657 -1.89867 -0.22304
4.05055 -1.88733 -0.232176
3.93648 -1.75071 -0.219646
2.67066 -1.68931 -0.289102
3.94004 -1.65521 -0.213343
3.95651 -1.60853 -0.244446
3.95743 -1.58843 -0.222131
3.95617 -1.5421 -0.243325
3.9667 -1.47939 -0.281378
2.91132 -1.43562 -0.215447
3.96361 -1.43069 -0.230993
2.92936 -1.41537 -0.211944
3.96353 -1.36444 -0.240446
3.9103 -1.31642 -0.187025
3.02157 -1.25015 -0.211412
3.14233 -0.954657 -0.186314
3.82966 -0.240095 -0.224878
4.31744 -2.29631 -0.22363
4.26123 -2.27707 -0.194133
4.36244 -2.19681 -0.166959
4.36851 -2.17141 -0.167548
4.37862 -2.12274 -0.174166
4.37984 -2.08546 -0.196119
4.3811 -2.05589 -0.212377
4.13999 -1.9824 -0.208184
4.12873 -1.9126 -0.170196
3.95196 -1.54057 -0.229578
2.90881 -1.45088 -0.182886
3.95327 -1.46715 -0.185306
3.9457 -1.43036 -0.176022
3.94816 -1.38655 -0.182502
3.90842 -1.33339 -0.159316
3.60292 -1.02281 -0.133794
3.08538 -0.980347 -0.166416
3.75295 -1.01469 -0.278429
3.27256 -0.961938 -0.147216
3.74157 -0.967954 -0.27964
3.16494 -0.934241 -0.158692
3.80833 -0.274392 -0.175221
4.27544 -2.26331 -0.196123
4.35321 -2.22097 -0.169429
4.36245 -2.19042 -0.168354
4.37497 -2.12756 -0.174592
4.37804 -2.0944 -0.188771
4.38078 -2.06968 -0.205129
4.1829 -1.97326 -0.195967
4.17461 -1.90169 -0.152886
3.93751 -1.57765 -0.137935
2.93037 -1.46203 -0.11443
3.94334 -1.50844 -0.137063
2.92434 -1.45748 -0.124358
3.94407 -1.48456 -0.155521
3.94362 -1.42983 -0.142201
3.94071 -1.38575 -0.160195
3.22672 -1.05159 -0.261589
3.515 -1.02287 -0.142751
3.10997 -1.08009 -0.119681
3.71407 -1.09601 -0.188376
3.07318 -0.975492 -0.121922
3.7237 -1.05419 -0.236227
3.17263 -0.915137 -0.121381
3.85976 -0.259244 -0.100037
3.37141 -2.79394 -0.053424
4.34823 -2.23002 -0.171974
4.36078 -2.19238 -0.16654
4.20496 -1.94731 -0.104944
3.53815 -1.92176 -0.0653117
4.14379 -1.90919 -0.0911071
3.9059 -1.60905 -0.0667689
2.93465 -1.49847 -0.0493816
3.9282 -1.57202 -0.082216
2.93284 -1.49309 -0.0619379
3.91897 -1.51903 -0.0617384
2.93148 -1.48749 -0.0670339
3.924 -1.47254 -0.085727
3.93773 -1.42754 -0.0866284
3.9086 -1.38037 -0.0552235
3.51397 -1.01995 -0.06728
3.69328 -1.10256 -0.15641
3.13193 -0.9283 -0.0766389
3.83462 -0.286031 -0.0788854
4.24735 -1.9145 -0.170074
4.12442 -1.88413 -0.0590312
3.89964 -1.60484 -0.0182538
2.96428 -1.56828 -0.021052
3.90337 -1.58765 -0.0407817
2.94725 -1.51629 -0.015767
3.91105 -1.52608 -0.0283566
2.94252 -1.44066 -0.000559652
3.91799 -1.49326 -0.0807736
2.9399 -1.42346 -0.0250526
3.92964 -1.43936 -0.0430724
2.94214 -1.38419 -0.0126163
3.88641 -1.36881 -0.0143105
3.597 -1.0757 -0.0787684
3.83725 -0.302914 -0.0406722
3.8572 -1.64381 0.0515951
2.97185 -1.57355 0.0152671
3.88998 -1.55137 0.0137823
2.95828 -1.532 0.0321588
3.89075 -1.52042 0.00900384
2.94044 -1.48647 0.00179041
3.90337 -1.48686 -0.0255641
2.94483 -1.43155 0.0220327
3.91109 -1.44245 0.00178616
2.93737 -1.37747 0.0197733
3.89274 -1.39796 0.011751
3.58077 -0.999372 0.023214
3.13032 -1.09815 0.0126201
3.59542 -1.07914 -0.0541367
3.89649 -0.256547 0.00196746
3.83449 -1.66924 0.0802904
2.9917 -1.60912 0.087377
3.84847 -1.63922 0.0709596
2.97889 -1.57724 0.0638278
3.86363 -1.57316 0.0726482
2.96497 -1.52535 0.0817378
3.85528 -1.54811 0.0861489
2.9475 -1.47096 0.0702694
3.87828 -1.4604 0.0758177
2.94016 -1.42355 0.0670649
3.86805 -1.43108 0.0639043
3.53863 -1.0153 0.0660536
3.68308 -0.970695 0.0274825
3.30635 -0.968934 0.0974648
3.78651 -0.485937 0.0769976
3.78555 -1.67339 0.0899988
3.80379 -0.493684 0.125631
