2.9279 -0.6237 -0.425403
2.95998 -0.555042 -0.41573
3.00022 -0.500157 -0.409119
3.04947 -0.437358 -0.412652
3.07134 -0.408906 -0.407104
3.12746 -0.340904 -0.436466
3.10679 -0.362141 -0.40199
3.15728 -0.290419 -0.405996
3.17986 -0.26983 -0.437658
3.23327 -0.162895 -0.425366
2.93885 -0.595164 -0.358977
2.96172 -0.556003 -0.362913
3.01129 -0.482931 -0.371119
3.04527 -0.437373 -0.3585
3.06383 -0.412913 -0.369155
3.08999 -0.380553 -0.38599
3.07586 -0.395017 -0.359572
3.09358 -0.372307 -0.368504
3.11649 -0.344192 -0.384168
3.11771 -0.341254 -0.378945
3.14412 -0.304603 -0.384285
3.13027 -0.316201 -0.351767
3.15164 -0.28833 -0.367516
3.17134 -0.26409 -0.391221
3.18051 -0.238322 -0.358412
3.21525 -0.16939 -0.383045
3.0169 -0.471644 -0.314119
3.0425 -0.436148 -0.32407
3.07947 -0.386595 -0.339304
3.07494 -0.389086 -0.312142
3.11317 -0.334171 -0.322334
3.10637 -0.342844 -0.315669
3.11995 -0.321738 -0.313747
3.13547 -0.3037 -0.334842
3.12505 -0.310799 -0.302365
3.15709 -0.272854 -0.347372
3.18755 -0.21099 -0.31609
3.20898 -0.165087 -0.335317
2.98279 -0.529819 -0.272226
3.01022 -0.481132 -0.265465
3.06052 -0.405845 -0.303335
3.05878 -0.406638 -0.280391
3.07193 -0.387585 -0.283458
3.06978 -0.386764 -0.260947
3.08774 -0.35901 -0.259501
3.1054 -0.338207 -0.28907
3.09972 -0.341119 -0.263669
3.11293 -0.319632 -0.262406
3.13091 -0.297608 -0.288819
3.11426 -0.319209 -0.268962
3.14708 -0.266834 -0.276114
3.18513 -0.197027 -0.275639
3.19333 -0.181629 -0.284976
2.93705 -0.62934 -0.220337
2.96361 -0.577057 -0.228651
2.97889 -0.538584 -0.211406
3.04925 -0.412841 -0.225531
3.06443 -0.389406 -0.2344
3.06605 -0.38318 -0.211236
3.07435 -0.369718 -0.211954
3.09874 -0.334867 -0.235683
3.0971 -0.333507 -0.216297
3.10349 -0.320176 -0.208706
3.12345 -0.285863 -0.208616
3.14162 -0.263921 -0.240359
3.19445 -0.155922 -0.251859
2.95952 -0.597013 -0.159522
2.98048 -0.536862 -0.169137
3.00888 -0.477838 -0.162437
3.04896 -0.405184 -0.178243
3.05953 -0.387837 -0.189452
3.04912 -0.40132 -0.165193
3.09351 -0.335947 -0.204211
3.09178 -0.328455 -0.166696
3.09607 -0.317906 -0.157438
3.11382 -0.295896 -0.190917
3.10803 -0.294726 -0.153858
3.11489 -0.282918 -0.157345
3.14346 -0.24952 -0.210088
3.15845 -0.203111 -0.169119
3.18521 -0.151409 -0.204014
3.16842 -0.171205 -0.160463
2.95717 -0.596844 -0.134411
2.98036 -0.540099 -0.121371
3.01757 -0.456126 -0.133605
3.04686 -0.396309 -0.120804
3.06035 -0.371596 -0.125394
3.0831 -0.337307 -0.148401
3.08065 -0.331579 -0.11175
3.11208 -0.274955 -0.122633
3.12803 -0.255717 -0.145027
3.1478 -0.194031 -0.111522
3.16378 -0.16758 -0.13571
3.0207 -0.43558 -0.0611767
3.05119 -0.379334 -0.0903342
3.05294 -0.369693 -0.0745965
3.06697 -0.342934 -0.0798031
3.0725 -0.329046 -0.0607951
3.08956 -0.304174 -0.0838331
3.10291 -0.267393 -0.0626701
3.09122 -0.298111 -0.0730102
3.0986 -0.284395 -0.076719
3.11253 -0.257548 -0.0827826
3.13664 -0.188531 -0.0633063
3.15104 -0.159967 -0.0777258
2.93377 -0.824546 -0.0141852
2.91342 -0.766572 -0.0275356
2.9255 -0.791054 -0.014927
2.93086 -0.718525 -0.0221792
3.00611 -0.453557 -0.000782942
3.03261 -0.406448 -0.052584
3.02006 -0.422481 -0.0117522
3.03694 -0.382875 -0.0115137
3.05696 -0.346539 -0.030734
3.04766 -0.359826 -0.0102717
3.07832 -0.297591 -0.0152161
3.07249 -0.307112 -0.00886408
3.10461 -0.246985 -0.034484
3.12469 -0.197756 -0.032437
3.1262 -0.180447 -0.0142602
3.14286 -0.124969 -0.0218229
3.10652 -0.991216 -0.0137734
3.06984 -0.905758 0.0318844
2.96168 -0.836896 0.0120233
2.99141 -0.791666 0.0425875
2.94077 -0.795749 0.00234022
2.94308 -0.709478 0.00243577
2.9627 -0.706491 0.0382494
2.95303 -0.631632 0.0103339
2.97665 -0.546545 0.037482
2.97894 -0.529513 0.0181001
2.98739 -0.504537 0.0346844
2.98765 -0.510982 0.0128404
3.00025 -0.467277 0.0367766
3.03731 -0.367614 0.0216627
3.05452 -0.332639 0.0159344
3.04603 -0.353504 0.0108609
3.06431 -0.310873 0.0171437
3.06876 -0.29656 0.0146664
3.0568 -0.323028 0.0257978
3.07167 -0.282497 0.0356464
3.10682 -0.211771 0.0126902
3.11423 -0.180192 0.0252247
3.12668 -0.155023 0.0131683
3.18518 -0.873865 0.0679154
3.15688 -0.83793 0.0693692
2.98182 -0.710809 0.0608718
2.98929 -0.6752 0.0642366
2.97409 -0.61346 0.0576743
02137
2.85455 -2.24235 -0.406774
2.93665 -2.21722 -0.410569
3.08631 -2.21574 -0.422915
3.17355 -2.24618 -0.429788
3.22514 -2.24465 -0.426089
3.65062 -2.20745 -0.331694
3.79292 -2.18431 -0.28609
3.91099 -2.1504 -0.259496
4.00684 -2.16233 -0.253247
4.11002 -2.26007 -0.422603
4.38379 -2.15231 -0.317748
4.43477 -2.15892 -0.331796
4.56407 -2.17584 -0.356687
4.64047 -2.18987 -0.366174
2.55331 -2.19906 -0.402556
2.76934 -2.16543 -0.398743
2.85111 -2.18432 -0.405075
2.96865 -2.18306 -0.412525
3.55787 -2.17117 -0.353633
3.74434 -2.14836 -0.306002
3.84767 -2.13958 -0.2719
3.9131 -2.12441 -0.264779
3.96971 -2.10008 -0.267222
4.13351 -2.13542 -0.260954
4.29883 -2.12058 -0.30458
4.432 -2.12283 -0.342437
4.56392 -2.12464 -0.379293
4.69177 -2.1504 -0.374442
2.52707 -2.11325 -0.399336
2.62438 -2.12852 -0.397658
2.67698 -2.12674 -0.39788
2.7589 -2.11461 -0.397829
2.91775 -2.12622 -0.409317
2.97749 -2.12512 -0.412143
3.07629 -2.11405 -0.421012
3.65595 -2.11553 -0.32656
3.70527 -2.11948 -0.31186
3.75004 -2.10993 -0.303269
3.90573 -2.08144 -0.270016
4.0069 -2.05966 -0.276667
4.06871 -2.06413 -0.277179
4.16761 -2.10093 -0.274537
4.2765 -2.0745 -0.31044
4.32839 -2.07258 -0.330422
4.43259 -2.10376 -0.346831
4.53021 -2.08745 -0.390181
4.62234 -2.0926 -0.391757
4.67773 -2.10357 -0.382848
2.51062 -2.08727 -0.396314
2.71396 -2.08828 -0.395783
2.82141 -2.07587 -0.40208
2.89531 -2.07981 -0.407265
3.0548 -2.05845 -0.418502
3.50841 -2.08452 -0.366908
3.55787 -2.05918 -0.354266
3.65724 -2.07087 -0.321381
3.74573 -2.067 -0.302961
3.84731 -2.04329 -0.278763
3.97559 -2.05977 -0.267674
4.04349 -2.02839 -0.28194
4.13091 -2.03455 -0.286402
4.18923 -2.03069 -0.298147
4.33396 -2.0352 -0.339032
4.43336 -2.05028 -0.366334
4.49557 -2.04691 -0.394205
4.57298 -2.04819 -0.404831
4.67114 -2.03812 -0.391005
2.51167 -2.0514 -0.395463
2.61265 -2.01694 -0.390894
2.68138 -2.03422 -0.391699
2.82217 -2.0501 -0.401961
2.87376 -2.02809 -0.404248
3.01513 -2.02595 -0.415041
3.30161 -2.02818 -0.419661
3.36222 -2.00642 -0.40949
3.4149 -2.02513 -0.398315
3.54488 -2.0228 -0.357263
3.64223 -2.03493 -0.323934
3.7457 -2.01956 -0.300793
3.84209 -2.01288 -0.277695
3.95733 -2.01339 -0.273425
4.02591 -2.00096 -0.279444
4.15029 -1.97858 -0.30417
4.29259 -1.98862 -0.338951
4.3809 -1.99397 -0.365641
4.46941 -2.00644 -0.400446
4.52771 -2.00209 -0.414588
4.59042 -2.00529 -0.413462
4.64052 -2.01483 -0.401862
2.3605 -1.97118 -0.408185
2.51811 -1.98006 -0.391657
2.62237 -1.99369 -0.389454
2.75541 -1.95836 -0.393938
2.82854 -1.98545 -0.400468
2.88297 -1.99105 -0.404656
3.36343 -1.97112 -0.406861
3.49943 -1.98389 -0.369568
3.59001 -1.98762 -0.342563
3.64634 -1.97258 -0.321335
3.70222 -1.97637 -0.307471
3.83367 -1.96679 -0.280291
3.96294 -1.95385 -0.274345
4.14343 -1.93882 -0.307097
4.26215 -1.92801 -0.350286
4.39477 -1.94798 -0.382527
4.47132 -1.96364 -0.423047
4.62093 -1.95679 -0.413908
4.70605 -1.97003 -0.382901
2.36499 -1.92063 -0.410326
2.41708 -1.92563 -0.401678
2.47939 -1.92786 -0.393704
2.60757 -1.95053 -0.388331
2.70523 -1.92751 -0.390528
2.77634 -1.91529 -0.393974
3.22884 -1.9131 -0.421693
3.3145 -1.92324 -0.412323
3.36152 -1.91826 -0.403038
3.50275 -1.92737 -0.368031
3.59766 -1.92453 -0.336908
3.6697 -1.93924 -0.313439
3.74063 -1.91666 -0.293622
3.83648 -1.94325 -0.274739
3.97877 -1.9255 -0.27299
4.19357 -1.90018 -0.321306
4.40662 -1.90124 -0.406588
4.48879 -1.90105 -0.424661
4.65439 -1.90531 -0.414051
2.37226 -1.86733 -0.412551
2.42369 -1.86947 -0.40159
2.47663 -1.87309 -0.395204
2.66176 -1.85308 -0.387917
2.79422 -1.8945 -0.395045
3.23762 -1.86776 -0.417019
3.30685 -1.87599 -0.411199
3.4506 -1.87809 -0.383007
3.50038 -1.87869 -0.365987
3.59245 -1.88331 -0.337356
3.69559 -1.89129 -0.303115
3.92828 -1.87678 -0.264014
4.27402 -1.86672 -0.365186
4.50406 -1.87446 -0.425904
2.30175 -1.81899 -0.436917
2.42862 -1.82371 -0.404014
2.66689 -1.82205 -0.387921
2.72009 -1.81674 -0.390346
2.91132 -1.82213 -0.397093
3.01507 -1.83943 -0.410315
3.09882 -1.83201 -0.414003
3.14972 -1.82655 -0.413355
3.27006 -1.83451 -0.411212
3.35956 -1.82594 -0.399622
3.44854 -1.83924 -0.381451
3.59932 -1.83532 -0.329845
2.31006 -1.79742 -0.440313
2.37415 -1.77501 -0.422145
2.47468 -1.77375 -0.40096
2.62196 -1.77232 -0.38952
2.72911 -1.77503 -0.389654
2.81865 -1.77821 -0.391686
2.97396 -1.77568 -0.402699
3.15665 -1.77472 -0.411645
3.21432 -1.78148 -0.412189
3.45382 -1.78901 -0.375579
3.54344 -1.79151 -0.341145
3.599 -1.77696 -0.318293
3.68329 -1.7682 -0.296784
2.36956 -1.71902 -0.437199
2.47584 -1.72786 -0.405987
2.57629 -1.72479 -0.392121
2.86938 -1.73898 -0.388809
2.96997 -1.72328 -0.397727
3.02321 -1.73612 -0.405729
3.07503 -1.71984 -0.407785
3.20649 -1.71915 -0.408864
3.26841 -1.71161 -0.404619
3.40624 -1.74026 -0.383995
3.45398 -1.74112 -0.361665
3.53681 -1.72654 -0.331312
3.60776 -1.74348 -0.311276
3.71124 -1.72935 -0.282713
3.76936 -1.7203 -0.272347
3.93137 -1.72083 -0.260669
2.37211 -1.68233 -0.449863
2.51558 -1.69254 -0.40462
2.62571 -1.68408 -0.390233
2.77457 -1.68216 -0.380838
2.82914 -1.68341 -0.380544
2.88177 -1.68089 -0.382556
2.98014 -1.67642 -0.394073
3.03156 -1.68069 -0.40026
3.17708 -1.68304 -0.407318
3.27317 -1.68301 -0.399368
3.40774 -1.68472 -0.368444
3.50423 -1.68432 -0.335324
3.59847 -1.67285 -0.304121
3.74587 -1.67362 -0.265155
3.85891 -1.69142 -0.25843
3.94271 -1.7017 -0.255699
4.08827 -1.69234 -0.282285
2.42195 -1.62049 -0.457225
2.48215 -1.61512 -0.427268
2.5389 -1.6115 -0.404674
2.72829 -1.63944 -0.373819
2.83319 -1.64069 -0.371862
2.9786 -1.63319 -0.385335
3.07179 -1.62907 -0.396663
3.21348 -1.64364 -0.399304
3.26851 -1.64456 -0.394208
3.40336 -1.63801 -0.358255
3.59403 -1.6326 -0.298547
3.6379 -1.62568 -0.28761
3.69638 -1.62343 -0.267657
3.80071 -1.6419 -0.252438
3.85515 -1.63435 -0.250013
3.9557 -1.61941 -0.252566
4.12876 -1.60077 -0.335157
2.42219 -1.59485 -0.470444
2.55601 -1.57372 -0.398381
2.6741 -1.60981 -0.37019
2.73249 -1.59988 -0.364045
2.83371 -1.59727 -0.358699
2.97819 -1.59082 -0.37866
3.02856 -1.58926 -0.381798
3.12377 -1.59322 -0.388157
3.17714 -1.59908 -0.390142
3.2946 -1.61035 -0.378359
3.40684 -1.58409 -0.342259
3.50022 -1.58834 -0.319771
3.55391 -1.57842 -0.306199
3.69059 -1.57393 -0.270337
3.78369 -1.56958 -0.253011
3.97451 -1.56092 -0.272047
4.08345 -1.56902 -0.310378
2.56523 -1.55501 -0.389057
2.79 -1.55869 -0.34534
2.98313 -1.54577 -0.37323
3.11385 -1.53895 -0.373272
3.25653 -1.54278 -0.362252
3.30752 -1.56071 -0.359125
3.40023 -1.55175 -0.333087
3.49994 -1.53199 -0.312789
3.68642 -1.52446 -0.272677
3.8891 -1.49563 -0.254213
3.97555 -1.5017 -0.275325
4.07262 -1.52808 -0.317982
2.98653 -1.50344 -0.370627
3.02638 -1.50441 -0.363739
3.11277 -1.4975 -0.362704
3.20866 -1.50893 -0.354192
3.50456 -1.48888 -0.304613
3.56303 -1.47179 -0.299204
3.63964 -1.45582 -0.295233
3.72613 -1.44382 -0.303
3.82878 -1.43061 -0.289203
3.93309 -1.43378 -0.272838
4.0219 -1.43882 -0.302548
2.99135 -1.4636 -0.362361
3.04021 -1.46418 -0.359638
3.08864 -1.46712 -0.363564
3.13601 -1.45815 -0.348335
3.43279 -1.4582 -0.302867
3.64871 -1.41956 -0.300878
3.69907 -1.39229 -0.313504
3.78886 -1.38211 -0.323462
3.8414 -1.37636 -0.32139
3.89406 -1.3774 -0.31644
3.95834 -1.36737 -0.310591
2.92639 -1.42664 -0.342592
2.99226 -1.42843 -0.356112
3.0808 -1.4281 -0.351116
3.12631 -1.43133 -0.346212
3.75784 -1.34088 -0.326771
3.85494 -1.33286 -0.341761
3.90718 -1.32954 -0.345878
3.94385 -1.33755 -0.335137
4.01708 -1.32262 -0.345924
4.10112 -1.33974 -0.296896
2.94576 -1.38171 -0.348953
3.02808 -1.38637 -0.348594
3.8207 -1.29511 -0.336591
4.00516 -1.30208 -0.360015
2.99047 -1.33054 -0.364534
3.05964 -1.32412 -0.343314
3.28352 -1.30928 -0.282023
3.82971 -1.25586 -0.348282
3.91872 -1.26028 -0.361451
3.97352 -1.25867 -0.370235
4.05796 -1.25868 -0.387715
3.00767 -1.29096 -0.367238
3.06739 -1.27308 -0.362194
3.32414 -1.26186 -0.267764
3.52212 -1.23177 -0.281181
3.78479 -1.20617 -0.350306
3.91524 -1.20549 -0.379867
3.96829 -1.2147 -0.389214
3.0227 -1.25985 -0.371893
3.08297 -1.25152 -0.354873
3.33085 -1.21673 -0.25847
3.53483 -1.17424 -0.281231
3.65074 -1.17281 -0.321794
3.83114 -1.16529 -0.374113
3.88214 -1.16014 -0.388395
3.92822 -1.16978 -0.397917
4.06561 -1.15243 -0.42735
4.16877 -1.1545 -0.431878
3.04068 -1.22035 -0.367296
3.09843 -1.22839 -0.359614
3.34988 -1.15296 -0.253752
3.65287 -1.12243 -0.329456
3.78675 -1.115 -0.372576
3.88026 -1.11465 -0.398421
3.93126 -1.11925 -0.40502
4.01868 -1.13153 -0.418199
4.21698 -1.14241 -0.431424
3.07065 -1.19569 -0.365624
3.16995 -1.19879 -0.351758
3.44586 -1.08054 -0.276622
3.4953 -1.06184 -0.28425
3.65133 -1.05886 -0.335952
3.74271 -1.06892 -0.362668
3.83553 -1.07161 -0.390719
3.88265 -1.07261 -0.400218
3.93224 -1.06035 -0.407452
4.02334 -1.07741 -0.420908
4.11894 -1.06273 -0.433834
3.27516 -1.16927 -0.337859
3.58966 -1.01219 -0.328715
3.74428 -1.02999 -0.361553
3.83345 -1.02412 -0.388416
3.89256 -1.0158 -0.397674
3.98228 -1.01574 -0.409453
4.12486 -1.0229 -0.437357
4.17976 -1.0291 -0.437873
4.23121 -1.03539 -0.439547
3.59859 -0.970371 -0.3335
3.64501 -0.968705 -0.342708
3.73111 -0.988208 -0.357041
3.92305 -0.974201 -0.392531
4.0304 -0.979221 -0.412371
4.12292 -0.967707 -0.433498
4.17502 -0.968341 -0.438101
4.23896 -0.971192 -0.439758
4.29729 -0.974646 -0.441264
3.60037 -0.926334 -0.337264
3.77579 -0.942878 -0.360654
3.86858 -0.931386 -0.366766
3.93991 -0.93833 -0.384185
4.0793 -0.930283 -0.415932
4.2215 -0.910134 -0.437001
4.27775 -0.920853 -0.440454
4.42257 -0.915624 -0.457505
3.54 -0.880001 -0.335854
3.77513 -0.896495 -0.351755
3.86271 -0.888681 -0.352293
3.91619 -0.901874 -0.36294
4.03922 -0.885305 -0.391893
4.18036 -0.876739 -0.431947
4.27126 -0.872479 -0.440065
4.32171 -0.865395 -0.443461
4.3729 -0.864655 -0.451136
3.49869 -0.828869 -0.33755
3.63037 -0.840935 -0.340724
3.73048 -0.852993 -0.336092
3.81686 -0.843684 -0.336445
4.09061 -0.846004 -0.394294
4.22641 -0.830569 -0.434498
4.27429 -0.820789 -0.442971
4.33295 -0.832073 -0.447071
4.39213 -0.844097 -0.455868
3.62575 -0.792164 -0.347429
3.75224 -0.807877 -0.321347
4.22954 -0.774045 -0.43608
4.30566 -0.775073 -0.448791
4.38051 -0.779631 -0.460331
4.43427 -0.791134 -0.472723
3.51061 -0.749593 -0.3344
3.69847 -0.756255 -0.322212
4.12225 -0.754128 -0.378776
4.20575 -0.715962 -0.426794
4.27601 -0.729447 -0.447996
4.33382 -0.72181 -0.457496
4.40955 -0.729199 -0.472816
3.52474 -0.726555 -0.323767
3.60303 -0.705739 -0.361033
3.67369 -0.700682 -0.344586
4.36746 -0.675394 -0.469688
3.57789 -0.696545 -0.320235
3.56676 -0.643868 -0.424083
3.66535 -0.663081 -0.360723
4.33726 -0.64914 -0.462473
3.64421 -0.679155 -0.352364
3.59103 -0.57633 -0.44592
3.68415 -0.625971 -0.343512
3.61508 -0.537766 -0.444075
3.67205 -0.549379 -0.366626
3.76058 -0.624116 -0.25488
3.67093 -0.418807 -0.457809
3.7191 -0.345004 -0.483939
3.74343 -0.279112 -0.466927
3.74834 -0.238699 -0.458959
3.73132 -0.245648 -0.478749
3.63419 -2.99931 -0.29628
4.0186 -3.06904 -0.434682
4.07724 -3.08403 -0.43228
2.97221 -3.02744 -0.45147
3.02103 -3.02407 -0.443517
3.0875 -3.04237 -0.430554
3.45126 -2.98835 -0.298589
3.53933 -2.98848 -0.284859
3.71917 -2.97723 -0.338138
2.9304 -2.97564 -0.437156
3.10924 -2.96712 -0.409775
3.21016 -2.94969 -0.373151
3.5124 -2.92749 -0.314323
3.57346 -2.92863 -0.316106
3.77972 -2.9376 -0.371159
3.83467 -2.94446 -0.387534
3.88728 -2.95851 -0.403272
3.99201 -2.98944 -0.440969
2.84557 -2.9341 -0.420261
2.95762 -2.91077 -0.424558
3.06428 -2.93654 -0.416188
3.11571 -2.92489 -0.400874
3.1654 -2.92774 -0.38512
3.41062 -2.89731 -0.330383
3.46883 -2.90891 -0.321867
3.62077 -2.86722 -0.349974
3.67618 -2.88303 -0.360853
3.75497 -2.91923 -0.365712
3.80671 -2.92324 -0.381597
3.85936 -2.92488 -0.399416
2.88387 -2.89489 -0.417601
2.9725 -2.87914 -0.421356
3.05033 -2.86375 -0.415305
3.12987 -2.86149 -0.396227
3.18067 -2.87927 -0.382166
3.26826 -2.86645 -0.359575
3.44461 -2.83841 -0.341286
3.52054 -2.85843 -0.337008
3.57702 -2.84976 -0.347273
3.67127 -2.85874 -0.360432
3.73754 -2.86796 -0.373574
2.95883 -2.82748 -0.41756
3.06612 -2.83461 -0.413874
3.25305 -2.82427 -0.369088
3.46596 -2.80552 -0.349173
3.7297 -2.81396 -0.370335
2.77227 -2.75634 -0.404521
2.9246 -2.79811 -0.415372
3.0131 -2.75917 -0.419375
3.0685 -2.78847 -0.414203
3.12595 -2.74951 -0.40668
3.26123 -2.75894 -0.379947
3.3352 -2.74907 -0.37039
3.47334 -2.74449 -0.36265
3.6032 -2.75853 -0.355243
3.72124 -2.76272 -0.36447
3.78668 -2.7642 -0.374372
2.80491 -2.74939 -0.405621
2.91531 -2.73698 -0.413558
3.21302 -2.71721 -0.395874
3.28236 -2.72687 -0.383141
3.37026 -2.73396 -0.36845
3.61146 -2.72998 -0.355016
3.80248 -2.7336 -0.37082
2.69457 -2.67587 -0.404843
2.83757 -2.65932 -0.411534
2.92835 -2.65214 -0.414508
3.11705 -2.68184 -0.414845
3.23931 -2.65232 -0.401283
3.40486 -2.64818 -0.381851
2.80483 -2.64959 -0.41098
2.91624 -2.61841 -0.413912
2.97366 -2.60226 -0.417183
3.1276 -2.63101 -0.416906
3.19732 -2.64079 -0.40974
3.36053 -2.60667 -0.398218
2.64038 -2.5624 -0.409833
2.77676 -2.5895 -0.412807
2.96331 -2.57644 -0.415709
3.02396 -2.56417 -0.417712
3.15264 -2.57716 -0.418707
3.26902 -2.57541 -0.40942
2.67445 -2.52695 -0.413208
2.73053 -2.53312 -0.414172
2.9166 -2.52034 -0.414767
2.98119 -2.51403 -0.416904
3.10605 -2.51388 -0.422398
3.25216 -2.5203 -0.419466
3.32989 -2.50929 -0.411564
2.64508 -2.46171 -0.412552
2.72443 -2.47019 -0.41317
2.86057 -2.45507 -0.414293
2.95441 -2.49735 -0.416707
3.05224 -2.4986 -0.420237
3.12296 -2.47674 -0.424167
3.17693 -2.47548 -0.424152
2.26759 -2.40301 -0.422374
2.70407 -2.40907 -0.410481
2.76985 -2.41108 -0.411549
2.82619 -2.43531 -0.412962
2.91431 -2.42784 -0.416357
3.10298 -2.40855 -0.425906
3.17679 -2.42632 -0.425654
2.2764 -2.38123 -0.423409
2.55967 -2.38644 -0.41095
2.62031 -2.39291 -0.410153
2.72203 -2.3771 -0.410033
2.78603 -2.37383 -0.410418
2.85021 -2.35426 -0.412508
3.01918 -2.37824 -0.423839
3.0711 -2.38408 -0.424363
3.17771 -2.37974 -0.426189
3.74955 -2.37005 -0.318606
2.26559 -2.32728 -0.418328
2.61601 -2.32732 -0.407558
2.76642 -2.31041 -0.406808
2.92759 -2.32122 -0.415468
3.01553 -2.31045 -0.420429
3.17208 -2.32985 -0.42838
3.65003 -2.32044 -0.341328
3.75392 -2.33363 -0.318242
4.03675 -2.31957 -0.389152
4.08727 -2.14773 -0.470892
4.48438 -2.24484 -0.282349
2.31866 -2.26774 -0.416428
2.41281 -2.27385 -0.414328
2.57261 -2.28328 -0.405895
2.66891 -2.28012 -0.404771
2.7201 -2.26767 -0.403731
2.95881 -2.28202 -0.417494
3.11143 -2.29425 -0.426226
3.59479 -2.27233 -0.355389
3.6538 -2.26764 -0.339251
3.73176 -2.26173 -0.325879
3.78361 -2.26302 -0.31314
3.85756 -2.24478 -0.275727
4.03068 -2.09805 -0.304301
4.3542 -2.15321 -0.301004
4.52223 -2.20601 -0.33068
4.60321 -2.23531 -0.337271
4.73287 -2.25195 -0.356289
2.41041 -2.22245 -0.408811
2.5224 -2.22187 -0.4052
2.62372 -2.22322 -0.402232
2.82178 -2.22106 -0.404657
2.87262 -2.22343 -0.407563
2.96037 -2.20716 -0.412992
3.0785 -2.22499 -0.422013
3.13451 -2.24294 -0.426375
3.79185 -2.21578 -0.295597
3.95487 -2.15569 -0.248411
4.01379 -2.11461 -0.268682
4.36859 -2.16274 -0.307326
4.44295 -2.18879 -0.317892
4.57505 -2.20103 -0.347404
4.6336 -2.19672 -0.364275
4.73222 -2.19632 -0.365378
2.37418 -2.18806 -0.406947
2.46242 -2.16427 -0.402674
2.52744 -2.17998 -0.40287
2.62044 -2.17406 -0.399011
2.6778 -2.1787 -0.401186
2.77631 -2.17052 -0.39952
2.87297 -2.17572 -0.407272
2.97605 -2.17332 -0.413694
3.04571 -2.15705 -0.419044
3.13002 -2.16388 -0.428051
3.56756 -2.1705 -0.35816
3.65587 -2.16967 -0.334518
3.70471 -2.17026 -0.32396
3.79489 -2.16757 -0.29633
3.90272 -2.16911 -0.259764
3.96649 -2.12912 -0.253689
4.06401 -2.10754 -0.262491
4.1422 -2.18674 -0.283413
4.20083 -2.23861 -0.334535
4.30702 -2.121 -0.307544
4.38251 -2.15796 -0.318628
4.43151 -2.16137 -0.330113
4.48626 -2.14693 -0.351305
4.57958 -2.15316 -0.371167
4.66115 -2.15207 -0.37751
4.75776 -2.16714 -0.359935
2.42447 -2.13206 -0.402294
2.62557 -2.11467 -0.397511
2.81266 -2.12572 -0.403244
2.97947 -2.13846 -0.412614
3.03086 -2.10541 -0.417512
3.14122 -2.13851 -0.428302
3.59434 -2.12096 -0.354195
3.74885 -2.12651 -0.310593
3.84595 -2.11602 -0.275655
3.90617 -2.09838 -0.264944
4.02706 -2.10796 -0.258301
4.38794 -2.10911 -0.3331
4.55726 -2.11593 -0.383003
4.6263 -2.10334 -0.390827
4.69971 -2.08742 -0.381833
2.46736 -2.07748 -0.400458
2.62011 -2.07158 -0.394354
2.6712 -2.07267 -0.3939
2.72201 -2.07917 -0.396199
2.85453 -2.0906 -0.404776
2.93372 -2.06185 -0.409349
3.02504 -2.06697 -0.417516
3.07915 -2.08254 -0.421875
3.60476 -2.06542 -0.349554
3.7082 -2.07833 -0.316347
3.85024 -2.07081 -0.275331
3.95123 -2.05813 -0.2652
4.05282 -2.04192 -0.275135
4.38583 -2.06001 -0.35576
4.49918 -2.06022 -0.39437
4.56644 -2.06231 -0.403569
4.66233 -2.0622 -0.394085
2.35048 -2.00821 -0.409719
2.41984 -2.02661 -0.40246
2.52145 -2.0183 -0.393478
2.57349 -2.02703 -0.392554
2.72158 -2.02378 -0.394557
2.78072 -2.02699 -0.399636
2.93301 -2.02412 -0.409307
3.06387 -2.03162 -0.420309
3.30932 -2.04237 -0.422154
3.45694 -2.00524 -0.390096
3.56109 -2.02489 -0.359854
3.65004 -2.02401 -0.328014
3.70118 -2.02946 -0.315863
3.85731 -2.01559 -0.271244
3.96916 -2.02196 -0.269248
4.0302 -2.01237 -0.275683
4.32421 -2.00412 -0.353967
4.42215 -2.01097 -0.389331
4.51385 -2.01056 -0.410577
4.5839 -2.02903 -0.411786
4.67406 -2.01535 -0.394006
2.37308 -1.97423 -0.407091
2.47332 -1.97326 -0.395748
2.52677 -1.97378 -0.39216
2.62112 -1.9773 -0.390004
2.71043 -1.96993 -0.392324
2.82102 -1.9778 -0.3995
2.87878 -1.96331 -0.404056
2.96173 -1.97737 -0.41058
3.37241 -1.97625 -0.411543
3.42315 -1.97187 -0.401077
3.50695 -1.96974 -0.375573
3.5594 -1.97586 -0.360104
3.74561 -1.98738 -0.300284
3.90427 -1.97162 -0.26451
4.02352 -1.9739 -0.277851
4.33885 -1.98027 -0.372043
4.41188 -1.98437 -0.400416
4.48704 -1.9884 -0.421545
4.62181 -1.97512 -0.413901
4.72335 -1.94759 -0.379943
2.41395 -1.92921 -0.402383
2.4737 -1.92721 -0.395348
2.66886 -1.92775 -0.390096
2.76662 -1.92701 -0.393578
2.90183 -1.94914 -0.405316
3.30695 -1.91524 -0.414147
3.36991 -1.92157 -0.405848
3.55032 -1.93394 -0.359755
3.64334 -1.93526 -0.326707
3.73025 -1.92892 -0.299434
3.79393 -1.92171 -0.280744
3.86393 -1.90801 -0.26852
3.96827 -1.92443 -0.268914
4.0272 -1.90771 -0.280361
4.42685 -1.92927 -0.43599
4.65478 -1.91265 -0.415174
2.42265 -1.87322 -0.402169
2.57249 -1.8717 -0.387079
2.67398 -1.87284 -0.389232
2.72696 -1.87002 -0.391366
2.77727 -1.87455 -0.394734
2.85596 -1.85567 -0.399356
3.20847 -1.89372 -0.422002
3.26037 -1.87511 -0.417633
3.31929 -1.87871 -0.410026
3.37612 -1.87196 -0.403384
3.50533 -1.8774 -0.370284
3.64146 -1.8984 -0.322649
3.69545 -1.88165 -0.302824
3.88848 -1.86179 -0.258973
2.52441 -1.82651 -0.392074
2.62156 -1.82486 -0.388461
2.67204 -1.82056 -0.389615
2.72527 -1.82305 -0.391456
2.77675 -1.83136 -0.393909
3.129 -1.80645 -0.415795
3.23704 -1.81523 -0.417979
3.45989 -1.82986 -0.386618
3.50702 -1.83478 -0.367123
3.60201 -1.83172 -0.329076
3.65305 -1.83188 -0.309658
3.88841 -1.83009 -0.255629
2.37594 -1.78415 -0.420721
2.62294 -1.7731 -0.390323
2.77149 -1.77708 -0.388879
2.92216 -1.76166 -0.39591
3.12477 -1.76188 -0.415182
3.21149 -1.76776 -0.41633
3.26717 -1.76999 -0.413766
3.32682 -1.7741 -0.40718
3.41735 -1.77958 -0.391979
3.51047 -1.78205 -0.353515
3.55645 -1.78618 -0.33781
3.60718 -1.77427 -0.315595
3.7519 -1.78434 -0.275727
3.84637 -1.77935 -0.260021
2.36963 -1.72395 -0.435944
2.42271 -1.71941 -0.419405
2.52615 -1.72374 -0.399241
2.67218 -1.72505 -0.388086
2.7234 -1.72519 -0.385126
2.77531 -1.72476 -0.384778
2.90956 -1.71204 -0.38796
3.03003 -1.73002 -0.408483
3.16912 -1.72593 -0.415037
3.22481 -1.73457 -0.415824
3.32127 -1.72195 -0.403807
3.4149 -1.73035 -0.384056
3.46264 -1.73267 -0.362646
3.54603 -1.72841 -0.332084
3.60376 -1.73419 -0.310139
3.70847 -1.72902 -0.273294
3.80657 -1.72908 -0.252095
2.62397 -1.67912 -0.390121
2.82538 -1.68021 -0.377262
2.92657 -1.6733 -0.386295
2.97787 -1.67308 -0.394424
3.11669 -1.67409 -0.404354
3.20856 -1.69021 -0.410423
3.31723 -1.67517 -0.393971
3.41133 -1.6812 -0.371881
3.45984 -1.67712 -0.350087
3.59594 -1.67917 -0.30173
3.65566 -1.69045 -0.282688
3.69985 -1.67874 -0.268464
3.80507 -1.68061 -0.248546
3.89119 -1.69037 -0.243033
2.36745 -1.63262 -0.480017
2.57213 -1.64023 -0.394371
2.67565 -1.63804 -0.374008
2.77827 -1.63428 -0.367053
2.92754 -1.62993 -0.376274
3.02209 -1.63003 -0.391402
3.165 -1.63183 -0.397461
3.25751 -1.63893 -0.394543
3.31589 -1.6369 -0.384338
3.40946 -1.63788 -0.359515
3.45946 -1.63475 -0.339936
3.55065 -1.62948 -0.312099
3.60273 -1.62742 -0.290983
3.68286 -1.62658 -0.266894
3.75442 -1.64104 -0.246633
3.81474 -1.62403 -0.232599
3.91319 -1.64949 -0.245284
4.01034 -1.63317 -0.252052
2.67897 -1.59264 -0.360712
2.83244 -1.59339 -0.353898
2.97471 -1.58328 -0.3764
3.07479 -1.58958 -0.386952
3.15978 -1.59593 -0.386684
3.25123 -1.58774 -0.37944
3.36091 -1.58512 -0.361318
3.55157 -1.57985 -0.304076
3.68583 -1.57576 -0.265982
3.72913 -1.57416 -0.254585
3.91248 -1.57263 -0.240184
4.10819 -1.57171 -0.377305
2.78407 -1.55677 -0.333612
2.9351 -1.54491 -0.363371
3.0227 -1.53719 -0.371054
3.07222 -1.54293 -0.376709
3.12284 -1.53544 -0.373442
3.2641 -1.54607 -0.362531
3.39547 -1.53401 -0.335738
3.50593 -1.53477 -0.309488
3.55688 -1.53142 -0.299773
3.68328 -1.51459 -0.276356
3.7265 -1.5034 -0.277303
3.9166 -1.50059 -0.253868
4.02248 -1.52427 -0.330509
4.08678 -1.52829 -0.364286
3.06642 -1.4896 -0.368091
3.12044 -1.48855 -0.360895
3.4982 -1.49293 -0.301864
3.55351 -1.48599 -0.292173
3.6936 -1.4495 -0.307435
3.83079 -1.43262 -0.283267
3.88949 -1.43863 -0.267273
4.0807 -1.46 -0.407165
2.98197 -1.45703 -0.355173
3.12636 -1.44865 -0.34643
3.61392 -1.40418 -0.283124
3.9314 -1.38553 -0.300871
3.96368 -1.35818 -0.314081
2.91404 -1.42083 -0.331744
3.00054 -1.40126 -0.343166
3.11633 -1.40603 -0.348511
3.6551 -1.36703 -0.297059
3.75454 -1.35432 -0.321023
3.802 -1.35568 -0.333265
3.85957 -1.34906 -0.33398
3.93565 -1.33256 -0.342645
4.02306 -1.32994 -0.323614
4.09311 -1.3309 -0.279852
2.93579 -1.38065 -0.340712
3.03204 -1.36463 -0.345805
3.67683 -1.2897 -0.295971
3.73053 -1.28613 -0.314897
3.8642 -1.31069 -0.343881
3.95526 -1.3089 -0.350482
4.00867 -1.31869 -0.350488
2.98368 -1.3293 -0.344365
3.05284 -1.32372 -0.336535
3.27564 -1.2929 -0.285373
3.69356 -1.24854 -0.314659
3.77822 -1.25079 -0.33546
3.86903 -1.26152 -0.358488
3.96178 -1.2667 -0.368613
3.00278 -1.29694 -0.348189
3.06082 -1.26992 -0.341423
3.31281 -1.26663 -0.266529
3.48692 -1.22276 -0.261766
3.70024 -1.21341 -0.322121
3.78168 -1.21394 -0.343599
3.83338 -1.21044 -0.359719
3.88269 -1.21253 -0.372927
3.96822 -1.22089 -0.390452
3.00854 -1.26347 -0.347258
3.07427 -1.2455 -0.338257
3.13226 -1.23472 -0.325413
3.19927 -1.22716 -0.306774
3.31222 -1.20502 -0.261561
3.53885 -1.1784 -0.273454
3.648 -1.17678 -0.311301
3.73894 -1.1703 -0.342117
3.83514 -1.16111 -0.374945
3.92592 -1.16622 -0.399933
4.12126 -1.16933 -0.435671
3.03952 -1.2222 -0.343365
3.08232 -1.21322 -0.344475
3.1789 -1.2306 -0.325634
3.30661 -1.16869 -0.25898
3.61503 -1.10332 -0.316792
3.87359 -1.1204 -0.396628
3.92766 -1.1243 -0.407822
4.03056 -1.11431 -0.426547
4.17927 -1.10036 -0.438023
3.09575 -1.19136 -0.340819
3.14788 -1.1909 -0.344145
3.3663 -1.09627 -0.24704
3.41397 -1.06819 -0.250927
3.47612 -1.05191 -0.279173
3.68533 -1.05716 -0.343148
3.74356 -1.07828 -0.35684
3.83298 -1.07567 -0.3891
3.9231 -1.08123 -0.410466
4.02525 -1.08161 -0.427808
4.07719 -1.07536 -0.434343
4.16157 -1.06034 -0.441004
4.23601 -1.066 -0.444971
3.25697 -1.16693 -0.350139
3.68372 -1.03441 -0.343534
3.72925 -1.01571 -0.356146
3.82836 -1.02814 -0.38425
3.87855 -1.02149 -0.393281
3.95452 -1.04089 -0.414191
4.06304 -1.03449 -0.430075
4.11935 -1.03351 -0.443657
4.18218 -1.03288 -0.444396
4.24348 -1.03977 -0.441543
4.31605 -1.00916 -0.442689
4.40072 -1.03177 -0.451725
3.32174 -1.12176 -0.30602
3.59693 -0.96766 -0.327128
3.68569 -0.975624 -0.343973
3.73483 -0.978209 -0.355765
3.87292 -0.965867 -0.377756
3.96106 -0.97987 -0.399646
4.06677 -0.97322 -0.419434
4.11829 -0.973857 -0.439763
4.21355 -0.963044 -0.444753
4.26514 -0.972079 -0.444322
4.31877 -0.980304 -0.443404
3.54435 -0.922577 -0.317068
3.67984 -0.924348 -0.339944
3.77008 -0.932423 -0.355627
3.81736 -0.93914 -0.362907
3.97291 -0.919311 -0.381773
4.07255 -0.919219 -0.411361
4.17056 -0.921858 -0.436157
4.27071 -0.939861 -0.44471
4.3542 -0.931779 -0.446387
3.54566 -0.883423 -0.321769
3.63311 -0.88691 -0.33529
3.72776 -0.888742 -0.342979
3.81458 -0.869555 -0.340063
4.02578 -0.886642 -0.38076
4.1613 -0.875768 -0.427561
4.21529 -0.884947 -0.441127
4.27504 -0.878972 -0.446233
3.51233 -0.841264 -0.30404
3.6299 -0.841124 -0.334418
3.76838 -0.857551 -0.336396
4.22018 -0.83279 -0.434316
4.31837 -0.816223 -0.446549
4.37094 -0.834053 -0.452597
3.50477 -0.799787 -0.308957
3.6354 -0.792447 -0.334385
3.68908 -0.80269 -0.335415
3.75416 -0.804076 -0.323774
4.17555 -0.789445 -0.419973
4.26292 -0.778848 -0.442707
4.32225 -0.768343 -0.451273
3.52061 -0.768892 -0.310563
3.55442 -0.754086 -0.316321
3.63329 -0.746701 -0.328425
3.65884 -0.746345 -0.337477
3.72024 -0.760688 -0.312523
4.27983 -0.741999 -0.446078
4.35422 -0.705827 -0.462647
3.5169 -0.742782 -0.296215
3.56805 -0.72069 -0.309775
3.60399 -0.68371 -0.404577
3.6719 -0.701215 -0.34663
4.30852 -0.689712 -0.457701
4.36748 -0.679399 -0.467918
3.63762 -0.70203 -0.333503
3.63265 -0.642017 -0.394756
3.66194 -0.6583 -0.369286
3.63875 -0.589867 -0.442755
3.62701 -0.578036 -0.402588
3.67758 -0.612478 -0.3446
3.67849 -0.611826 -0.418174
3.63401 -0.54127 -0.42152
3.66955 -0.485327 -0.388083
3.73325 -0.598756 -0.277336
3.7083 -0.423039 -0.419888
3.76799 -0.302082 -0.423457
3.77065 -0.248702 -0.420211
3.65607 -3.11749 -0.284238
3.63384 -3.01607 -0.286604
3.7405 -3.04717 -0.333854
4.07112 -3.08766 -0.432093
3.00965 -3.00517 -0.440342
3.33287 -3.03972 -0.324083
3.56322 -2.97045 -0.296252
3.7651 -3.02835 -0.351433
3.1165 -2.97594 -0.410668
3.2495 -2.95225 -0.358184
3.37116 -2.9694 -0.324474
3.51151 -2.95321 -0.305742
3.58923 -2.94811 -0.309728
3.67917 -2.95927 -0.331085
3.74194 -2.96614 -0.352375
3.88084 -2.97114 -0.401289
3.06998 -2.94717 -0.417216
3.26803 -2.92505 -0.355603
3.32386 -2.922 -0.343197
3.41933 -2.91325 -0.325947
3.50498 -2.90326 -0.322074
3.61382 -2.89757 -0.339572
3.71715 -2.91705 -0.36255
3.78171 -2.93692 -0.372788
3.86595 -2.94921 -0.39969
2.88325 -2.8586 -0.416429
2.97718 -2.8669 -0.421152
3.06106 -2.86909 -0.415161
3.12176 -2.87476 -0.403087
3.17574 -2.87856 -0.385226
3.28237 -2.87872 -0.356296
3.3442 -2.87818 -0.346349
3.52248 -2.86662 -0.334582
3.61402 -2.86463 -0.350327
3.72115 -2.87479 -0.370018
3.77205 -2.88169 -0.379819
2.82033 -2.82365 -0.407864
2.92936 -2.84609 -0.419972
3.06389 -2.83407 -0.414892
3.16483 -2.82398 -0.394092
3.22161 -2.80471 -0.382341
3.30661 -2.80815 -0.365205
3.37697 -2.82215 -0.351922
3.61996 -2.81853 -0.352521
3.72477 -2.83324 -0.369119
2.82659 -2.77901 -0.407539
2.96717 -2.77388 -0.420623
3.02664 -2.77903 -0.421323
3.17637 -2.76162 -0.398715
3.23101 -2.77307 -0.384014
3.50577 -2.79168 -0.352629
3.56256 -2.7821 -0.3521
3.62649 -2.7692 -0.353343
3.72493 -2.77327 -0.364736
2.87385 -2.72256 -0.412411
2.92564 -2.72772 -0.415811
3.04185 -2.73953 -0.419407
3.17172 -2.72005 -0.402134
3.23921 -2.72695 -0.391556
3.32868 -2.71393 -0.381373
3.4012 -2.71548 -0.369731
3.53502 -2.7088 -0.359733
3.73644 -2.71701 -0.361404
2.7156 -2.69466 -0.40553
2.9593 -2.67425 -0.415568
3.06627 -2.6846 -0.419387
3.1576 -2.65376 -0.412201
3.23875 -2.67559 -0.399428
3.40648 -2.68047 -0.376855
3.48286 -2.66856 -0.36805
2.86321 -2.60756 -0.416074
3.02062 -2.63863 -0.419359
3.13754 -2.64322 -0.416351
3.27131 -2.65143 -0.400524
3.37148 -2.63968 -0.387609
2.92159 -2.58302 -0.416009
2.99439 -2.56164 -0.418057
3.07518 -2.56929 -0.420966
3.22897 -2.58766 -0.41307
3.30453 -2.56366 -0.408797
2.82158 -2.5094 -0.414327
2.87668 -2.52743 -0.414764
3.03364 -2.53243 -0.41921
3.1281 -2.52313 -0.424558
3.32525 -2.54266 -0.409025
2.88252 -2.48426 -0.416026
2.96582 -2.46222 -0.418034
3.06481 -2.48112 -0.423002
3.13726 -2.48074 -0.425392
3.2135 -2.46244 -0.42606
3.28638 -2.50128 -0.42021
2.69823 -2.42202 -0.411988
2.80946 -2.4214 -0.412909
2.87036 -2.43627 -0.415175
2.92677 -2.42634 -0.418337
3.01831 -2.4245 -0.42194
3.0726 -2.42554 -0.426195
3.22016 -2.42783 -0.426399
3.80486 -2.41422 -0.322068
2.68038 -2.37286 -0.410276
2.75918 -2.38184 -0.410832
2.81094 -2.36446 -0.411259
2.87134 -2.37297 -0.41482
2.92389 -2.36285 -0.417741
3.01963 -2.36481 -0.424648
3.07927 -2.38385 -0.426067
3.15599 -2.35733 -0.427569
3.65298 -2.3757 -0.351787
3.77357 -2.38523 -0.321386
4.55179 -2.2828 -0.281473
2.25488 -2.33455 -0.41668
2.45797 -2.30627 -0.413275
2.7209 -2.32724 -0.407996
2.78024 -2.32481 -0.408768
2.86909 -2.3308 -0.412585
2.96931 -2.3291 -0.420712
3.10999 -2.31382 -0.42741
3.17143 -2.33368 -0.428648
3.66135 -2.32756 -0.347366
3.72619 -2.31821 -0.329924
3.77451 -2.34941 -0.319892
3.83805 -2.30555 -0.304308
3.89755 -2.32608 -0.291966
4.01462 -2.32941 -0.370695
4.50087 -2.27174 -0.274314
4.57266 -2.27479 -0.303674
4.68363 -2.29948 -0.346476
2.24441 -2.29322 -0.408955
2.40662 -2.27124 -0.414176
2.70714 -2.29073 -0.405681
2.91108 -2.28193 -0.414948
2.96805 -2.27089 -0.418301
3.12159 -2.29033 -0.429042
3.66515 -2.262 -0.346542
3.75052 -2.27689 -0.33167
3.88864 -2.27331 -0.290509
4.0064 -2.1385 -0.420352
4.43361 -2.20867 -0.296107
4.5702 -2.26644 -0.317109
4.62582 -2.23139 -0.351649
4.68635 -2.26352 -0.356576
2.3444 -2.2451 -0.415861
2.43019 -2.24017 -0.409828
2.49309 -2.2064 -0.406913
2.56359 -2.20925 -0.404053
2.61666 -2.22496 -0.403218
2.72117 -2.21781 -0.403245
2.77237 -2.22975 -0.403697
2.82517 -2.21402 -0.405718
2.9248 -2.23021 -0.412562
2.989 -2.2373 -0.417266
3.06449 -2.23302 -0.422697
3.70763 -2.22709 -0.336835
3.85529 -2.21586 -0.283053
3.91204 -2.2092 -0.265791
4.0348 -2.14358 -0.412226
4.10224 -2.16963 -0.403457
4.15407 -2.15334 -0.421159
4.38895 -2.17255 -0.307811
4.4456 -2.1966 -0.318503
4.4989 -2.21492 -0.330438
4.56804 -2.2074 -0.345935
4.63089 -2.20134 -0.36385
4.72665 -2.2282 -0.361532
4.86677 -2.20983 -0.315621
2.57681 -2.16431 -0.401618
2.67532 -2.18141 -0.40174
2.81391 -2.17605 -0.404564
2.86705 -2.17085 -0.408136
2.97064 -2.15826 -0.413498
3.57406 -2.17333 -0.368351
3.66751 -2.17802 -0.351726
3.75824 -2.17414 -0.327845
3.85995 -2.17212 -0.278883
3.95466 -2.16203 -0.25951
4.06376 -2.18408 -0.26203
4.1194 -2.20621 -0.341794
4.37746 -2.15788 -0.318163
4.57753 -2.16963 -0.366727
4.68192 -2.16897 -0.374904
4.78119 -2.17677 -0.352554
4.89336 -2.18427 -0.312336
2.45515 -2.11036 -0.402705
2.71435 -2.1205 -0.398162
2.77204 -2.12265 -0.401615
2.87812 -2.12068 -0.408885
2.99931 -2.12835 -0.416599
3.56828 -2.13838 -0.366435
3.71464 -2.12693 -0.337321
3.80846 -2.12951 -0.296374
3.90957 -2.11201 -0.266095
3.97241 -2.12156 -0.257941
4.08193 -2.11738 -0.260987
4.14378 -2.09612 -0.273228
4.20402 -2.11571 -0.279344
4.32077 -2.09914 -0.34251
4.40561 -2.10942 -0.363473
4.4892 -2.1306 -0.360865
4.55692 -2.12732 -0.382255
4.63012 -2.12755 -0.384936
4.73139 -2.10933 -0.371898
4.82057 -2.1419 -0.33203
2.61244 -2.06685 -0.395224
2.67274 -2.07737 -0.396501
2.72324 -2.07365 -0.396835
2.8148 -2.07548 -0.403445
2.87442 -2.06961 -0.40743
2.95166 -2.08946 -0.412684
3.62273 -2.07811 -0.358972
3.85182 -2.07819 -0.276012
4.05284 -2.07592 -0.264908
4.12688 -2.05464 -0.283555
4.1874 -2.05598 -0.303308
4.32077 -2.07732 -0.362539
4.41545 -2.06266 -0.366816
4.48401 -2.07603 -0.385257
4.57095 -2.07828 -0.399664
4.66452 -2.07435 -0.392368
4.72774 -2.09242 -0.373811
4.81693 -2.06982 -0.334867
2.56272 -2.02009 -0.392627
2.61764 -2.02976 -0.39276
2.71754 -2.02109 -0.395664
2.86642 -2.03053 -0.405059
2.95073 -2.00876 -0.412829
3.57129 -2.02591 -0.36822
3.65531 -2.02982 -0.339581
3.75376 -2.02568 -0.307991
3.85185 -2.03358 -0.273468
3.90977 -2.02167 -0.265389
3.96983 -2.01986 -0.266216
4.0352 -2.01693 -0.272585
4.09203 -1.99792 -0.29051
4.18343 -1.99534 -0.323226
4.37456 -2.01108 -0.372528
4.43007 -2.05333 -0.395022
4.73943 -2.03194 -0.36997
2.42118 -1.97688 -0.40275
2.47341 -1.97856 -0.396749
2.57532 -1.97134 -0.390767
2.71729 -1.96696 -0.392836
2.77044 -1.97667 -0.397238
2.8372 -1.9605 -0.40232
3.29053 -1.97311 -0.430482
3.61729 -1.97794 -0.352435
3.74821 -1.98847 -0.304634
3.79999 -1.98396 -0.285261
3.86308 -1.97707 -0.267572
4.01739 -1.97003 -0.27306
4.07302 -1.96945 -0.288157
4.14836 -1.97332 -0.309373
4.2112 -1.96821 -0.335089
4.42218 -2.02266 -0.414506
4.50003 -2.01602 -0.41959
4.61429 -1.99789 -0.415836
4.72269 -1.95748 -0.378661
2.36841 -1.92683 -0.410504
2.46948 -1.91773 -0.396512
2.52657 -1.93126 -0.39085
2.57786 -1.92543 -0.388948
2.70951 -1.92116 -0.391842
2.77645 -1.92834 -0.395915
3.29201 -1.94399 -0.425726
3.55483 -1.92998 -0.365661
3.61356 -1.91357 -0.343791
3.70844 -1.92322 -0.308238
3.77699 -1.93535 -0.285295
3.90473 -1.93728 -0.261886
4.02492 -1.91612 -0.278361
4.08274 -1.92697 -0.293434
4.17434 -1.91184 -0.329871
2.4759 -1.8714 -0.396522
2.57493 -1.87119 -0.388179
2.72402 -1.86549 -0.39442
2.82099 -1.89443 -0.40039
3.25981 -1.89209 -0.425543
3.60051 -1.88169 -0.340922
3.73465 -1.90613 -0.293714
3.89962 -1.8861 -0.259255
3.98175 -1.85952 -0.265711
4.03678 -1.86705 -0.276152
4.67437 -1.88804 -0.411665
2.47358 -1.82272 -0.398113
2.65961 -1.84143 -0.38953
2.76866 -1.83027 -0.395092
3.18796 -1.81625 -0.423356
3.42272 -1.81807 -0.399673
3.474 -1.82118 -0.388222
3.64546 -1.83135 -0.316659
3.70082 -1.84029 -0.29483
3.7762 -1.84763 -0.270858
3.91166 -1.83751 -0.252583
2.37654 -1.78544 -0.420852
2.42781 -1.77831 -0.409938
2.61886 -1.77133 -0.391759
2.67266 -1.76715 -0.391257
2.76666 -1.77594 -0.38907
2.86279 -1.77143 -0.392927
3.22412 -1.76483 -0.420282
3.28562 -1.77681 -0.415577
3.37929 -1.75937 -0.405355
3.47268 -1.77966 -0.377735
3.60492 -1.78059 -0.323391
3.65374 -1.7789 -0.302239
3.70115 -1.77231 -0.282255
3.8523 -1.78367 -0.248424
2.3748 -1.73865 -0.429898
2.47141 -1.72394 -0.409173
2.52686 -1.72827 -0.399813
2.62379 -1.72143 -0.392482
2.71678 -1.72191 -0.385859
2.86506 -1.7247 -0.387663
2.92008 -1.72021 -0.391621
3.15257 -1.72847 -0.420273
3.20984 -1.72545 -0.418993
3.47 -1.72959 -0.365153
3.56009 -1.72775 -0.331105
3.60736 -1.72605 -0.312472
3.65702 -1.73797 -0.293966
3.75206 -1.72906 -0.25863
3.85819 -1.75733 -0.243541
2.67392 -1.67543 -0.381617
2.81964 -1.67062 -0.375815
2.91779 -1.66693 -0.386487
3.06757 -1.6674 -0.404291
3.12806 -1.66301 -0.406264
3.18383 -1.66243 -0.409158
3.28213 -1.66012 -0.402491
3.46575 -1.67491 -0.353818
3.60646 -1.68053 -0.301167
3.65523 -1.68064 -0.282518
3.70714 -1.67054 -0.263205
3.9336 -1.68569 -0.228703
2.62765 -1.62802 -0.380877
2.77121 -1.62351 -0.362741
2.8272 -1.62699 -0.363219
2.97137 -1.63522 -0.388258
3.06532 -1.62537 -0.395106
3.16298 -1.61216 -0.395184
3.2322 -1.62503 -0.396303
3.42087 -1.63303 -0.362705
3.51227 -1.63027 -0.324132
3.55785 -1.62974 -0.313081
3.64881 -1.61835 -0.281526
3.7857 -1.63786 -0.235696
3.84381 -1.63351 -0.230262
3.95981 -1.64763 -0.236852
2.72592 -1.58301 -0.347746
2.78088 -1.59108 -0.347198
2.92233 -1.57138 -0.368698
3.06018 -1.57713 -0.387834
3.16539 -1.58463 -0.390464
3.25432 -1.58393 -0.379534
3.36638 -1.58208 -0.365056
3.41358 -1.59281 -0.353071
3.51408 -1.58133 -0.317666
3.6432 -1.57188 -0.281245
3.73726 -1.56865 -0.251358
3.9044 -1.54889 -0.239919
2.73549 -1.54683 -0.319754
2.92585 -1.52931 -0.361363
2.97624 -1.52855 -0.369227
3.1085 -1.52095 -0.37324
3.23113 -1.54571 -0.367409
3.42514 -1.52877 -0.32822
3.64468 -1.51278 -0.289117
3.69281 -1.51312 -0.276756
3.74484 -1.50718 -0.268687
3.84202 -1.50522 -0.239066
3.95315 -1.52222 -0.287091
2.97467 -1.48558 -0.362467
3.10811 -1.46999 -0.360609
3.74635 -1.45334 -0.303776
3.8377 -1.44625 -0.273537
3.89594 -1.43813 -0.264469
2.89371 -1.45485 -0.32586
2.96501 -1.44231 -0.353968
3.08066 -1.44034 -0.359532
3.80095 -1.40487 -0.314162
3.85227 -1.40047 -0.307561
3.92628 -1.36883 -0.313439
2.90205 -1.41882 -0.320587
2.99184 -1.37581 -0.337738
3.63509 -1.37871 -0.2854
3.72297 -1.37265 -0.306777
3.81298 -1.36455 -0.325571
3.8687 -1.3555 -0.327929
4.01471 -1.34836 -0.334105
2.92817 -1.37531 -0.317083
2.99136 -1.35398 -0.332696
3.65653 -1.30206 -0.287965
3.76969 -1.31637 -0.322331
3.96984 -1.32175 -0.356241
2.95105 -1.3347 -0.310352
3.0238 -1.30732 -0.328345
3.31383 -1.32244 -0.275231
3.69511 -1.26718 -0.300987
3.80829 -1.27516 -0.336262
3.91076 -1.2846 -0.364791
3.97286 -1.29098 -0.372723
2.97938 -1.29431 -0.309454
3.05289 -1.26906 -0.325811
3.26156 -1.25652 -0.289558
3.49504 -1.21335 -0.24852
3.73723 -1.21378 -0.332536
3.78615 -1.22001 -0.34597
3.83597 -1.20703 -0.367704
2.98738 -1.26281 -0.314467
3.08745 -1.22388 -0.317043
3.28636 -1.2205 -0.274163
3.58896 -1.17571 -0.289925
3.71772 -1.16689 -0.338237
3.77692 -1.18083 -0.352279
3.92023 -1.17235 -0.400551
3.05168 -1.20768 -0.318612
3.10569 -1.20331 -0.306606
3.30622 -1.18761 -0.256699
3.6037 -1.10633 -0.309916
3.82632 -1.12839 -0.388419
3.87674 -1.13563 -0.399902
3.08477 -1.18019 -0.312507
3.35256 -1.11269 -0.239423
3.45748 -1.04508 -0.263855
3.66769 -1.05246 -0.335191
3.7688 -1.05856 -0.365443
3.87089 -1.06656 -0.402806
3.95329 -1.08966 -0.41961
3.14615 -1.17167 -0.306347
3.23704 -1.15047 -0.324702
3.62685 -1.02346 -0.327024
3.73856 -1.01585 -0.358191
3.84535 -1.03636 -0.391435
3.93474 -1.03118 -0.412764
4.01331 -1.02484 -0.430075
4.06468 -1.01099 -0.435904
3.26292 -1.13468 -0.320112
3.62842 -0.962857 -0.3319
3.72252 -0.990807 -0.353662
3.95562 -0.987616 -0.405574
3.30419 -1.11616 -0.325804
3.49977 -0.914272 -0.291002
3.54987 -0.918754 -0.310784
3.67375 -0.920137 -0.336005
4.13154 -0.909391 -0.440385
4.24377 -0.901592 -0.444982
4.33539 -0.94568 -0.446047
3.53208 -0.890178 -0.308267
3.63502 -0.883789 -0.331996
3.72749 -0.889366 -0.343134
4.1023 -0.892528 -0.420843
4.18876 -0.878706 -0.441859
4.28039 -0.8622 -0.447364
3.47671 -0.855644 -0.249028
3.62771 -0.83453 -0.332895
3.67932 -0.830232 -0.340428
3.7415 -0.818131 -0.332636
4.26384 -0.8164 -0.44508
3.51728 -0.811002 -0.275583
3.5491 -0.805849 -0.297896
3.62909 -0.79092 -0.329591
3.68595 -0.789422 -0.338205
3.73325 -0.783242 -0.336846
3.56514 -0.756593 -0.284931
3.5977 -0.750309 -0.302482
3.6751 -0.736283 -0.317532
3.72523 -0.750849 -0.312913
4.23598 -0.717141 -0.448727
3.53713 -0.757916 -0.267001
3.62035 -0.748708 -0.297262
3.67285 -0.704121 -0.395468
3.66246 -0.681396 -0.389421
3.68184 -0.681239 -0.347994
3.52333 -0.732245 -0.263203
3.64387 -0.712099 -0.332055
3.65335 -0.630007 -0.392541
3.65776 -0.636188 -0.380572
3.68742 -0.653013 -0.339539
3.67437 -0.666353 -0.375016
3.65698 -0.591618 -0.37577
3.67235 -0.590372 -0.352572
3.69614 -0.603992 -0.320295
3.68396 -0.630781 -0.378853
3.66544 -0.533758 -0.398364
3.69746 -0.545911 -0.298976
3.68283 -0.50498 -0.356684
3.6944 -0.503528 -0.327636
3.72575 -0.427917 -0.381708
3.78291 -0.291131 -0.382904
3.79372 -0.257197 -0.354329
3.42611 -3.10353 -0.289948
3.66258 -3.03663 -0.293438
3.37405 -3.00586 -0.31903
3.42661 -3.02573 -0.300924
3.50271 -2.99884 -0.283822
3.58847 -2.99224 -0.28705
3.71334 -3.01214 -0.330158
3.31483 -2.97108 -0.338919
3.46909 -2.95427 -0.310753
3.52534 -2.97554 -0.295636
3.61264 -2.95881 -0.311838
3.67436 -2.97194 -0.325162
3.79149 -2.96185 -0.375024
3.84329 -2.99648 -0.390998
3.10943 -2.91575 -0.407415
3.41855 -2.9058 -0.328401
3.48817 -2.91869 -0.319084
3.60626 -2.92416 -0.32917
3.66309 -2.92794 -0.342001
3.71044 -2.94878 -0.349916
3.81677 -2.94434 -0.388278
2.96316 -2.85747 -0.424582
3.08945 -2.87774 -0.411762
3.20904 -2.85824 -0.378992
3.42303 -2.8802 -0.333873
3.50486 -2.87154 -0.33337
3.57037 -2.87757 -0.337387
3.71492 -2.87403 -0.367724
2.85711 -2.83822 -0.413728
3.03261 -2.82248 -0.419928
3.08375 -2.82272 -0.413991
3.28781 -2.85708 -0.361431
3.4129 -2.82743 -0.347432
3.46627 -2.83672 -0.342533
3.52014 -2.82709 -0.346036
3.58343 -2.82241 -0.347409
3.6348 -2.82947 -0.353323
3.69171 -2.81257 -0.36166
3.75321 -2.81132 -0.37542
2.83799 -2.77376 -0.409646
3.0363 -2.76107 -0.421082
3.09579 -2.78164 -0.414177
3.20282 -2.80046 -0.389025
3.30817 -2.79976 -0.367808
3.47348 -2.78924 -0.353587
3.58002 -2.77517 -0.351338
3.6594 -2.78252 -0.357384
3.77293 -2.77564 -0.370823
3.86213 -2.74824 -0.388831
2.75759 -2.7133 -0.407609
3.16203 -2.74647 -0.402554
3.36585 -2.75063 -0.367586
3.47782 -2.7428 -0.360828
3.69064 -2.74738 -0.359584
3.7945 -2.74231 -0.367007
2.71418 -2.6955 -0.404764
2.66048 -2.64248 -0.41132
3.33979 -2.63108 -0.396712
2.84315 -2.57191 -0.415172
2.81842 -2.48142 -0.41565
2.76576 -2.41148 -0.413328
3.01494 -2.40748 -0.423368
2.94932 -2.37199 -0.421269
3.71729 -2.37869 -0.339773
3.87877 -2.38786 -0.310528
4.61831 -2.34296 -0.309401
2.71721 -2.34239 -0.409229
2.96169 -2.32208 -0.421186
3.68662 -2.31218 -0.353406
3.74043 -2.34702 -0.337584
3.78075 -2.32823 -0.326541
3.83993 -2.3084 -0.307667
3.95792 -2.34279 -0.321248
4.01388 -2.32327 -0.373929
4.56468 -2.30294 -0.29526
4.66708 -2.30733 -0.342758
2.57329 -2.25489 -0.407927
2.7243 -2.28137 -0.405995
2.90472 -2.25908 -0.413681
2.96378 -2.27182 -0.419133
3.62739 -2.25615 -0.359457
3.7261 -2.27352 -0.342989
3.77451 -2.2716 -0.330714
3.82592 -2.27794 -0.311892
3.91557 -2.27864 -0.296934
3.9733 -2.28431 -0.314751
4.0309 -2.13759 -0.385261
4.44612 -2.2391 -0.27538
4.56328 -2.27415 -0.312586
4.61792 -2.26742 -0.340958
4.70861 -2.28394 -0.3523
4.81943 -2.2599 -0.317273
2.55897 -2.23408 -0.406888
2.65414 -2.24697 -0.405351
2.8503 -2.19948 -0.407326
3.5959 -2.24733 -0.377132
3.68525 -2.21984 -0.35619
3.81702 -2.2329 -0.317995
3.90623 -2.23401 -0.28581
3.96205 -2.23623 -0.307188
4.02137 -2.20768 -0.291885
4.17109 -2.11688 -0.371703
4.31261 -2.14443 -0.266486
4.45417 -2.20884 -0.313044
4.56652 -2.23109 -0.336517
4.63039 -2.2311 -0.357822
4.7359 -2.2336 -0.360288
2.55142 -2.1738 -0.402423
2.62513 -2.18064 -0.401315
2.67693 -2.16858 -0.402019
2.72879 -2.1705 -0.40093
3.05147 -2.18085 -0.421291
3.59743 -2.16396 -0.369886
3.72794 -2.16991 -0.347738
3.77765 -2.16909 -0.330128
3.85468 -2.17558 -0.296269
3.9534 -2.17575 -0.267103
4.07047 -2.18692 -0.284668
4.11978 -2.1444 -0.367589
4.17243 -2.15751 -0.360265
4.31737 -2.14944 -0.296736
4.46471 -2.18505 -0.339757
4.61063 -2.20424 -0.361867
4.69472 -2.20928 -0.367899
2.43904 -2.11108 -0.402629
2.4923 -2.12873 -0.402162
2.55339 -2.11092 -0.401211
2.7003 -2.13994 -0.40064
2.77402 -2.12217 -0.40226
3.63976 -2.11597 -0.377201
3.72761 -2.1151 -0.343239
3.86146 -2.12471 -0.282725
3.91472 -2.11881 -0.268189
3.97585 -2.13199 -0.262496
4.12761 -2.12493 -0.267598
4.18714 -2.11356 -0.283508
4.25642 -2.11417 -0.315723
4.34883 -2.13653 -0.330693
4.41518 -2.12965 -0.356855
4.55056 -2.13996 -0.381609
4.65648 -2.15245 -0.379648
4.718 -2.14135 -0.37487
4.80011 -2.11585 -0.344051
2.43633 -2.07305 -0.403565
2.51947 -2.07522 -0.398986
2.61673 -2.08606 -0.396988
2.66632 -2.07136 -0.396155
2.72508 -2.08217 -0.397531
2.79167 -2.05441 -0.401875
3.63139 -2.07061 -0.371135
3.72854 -2.07256 -0.33049
3.81546 -2.08347 -0.294257
3.86821 -2.08722 -0.278032
3.92097 -2.08042 -0.267439
4.02553 -2.08129 -0.264038
4.13041 -2.06758 -0.282415
4.21805 -2.08409 -0.31974
4.32723 -2.10147 -0.351086
4.421 -2.11161 -0.374015
4.48833 -2.1037 -0.388026
4.56656 -2.09627 -0.399112
4.66743 -2.12966 -0.384963
4.74763 -2.08124 -0.367881
2.52418 -2.03493 -0.395452
2.62688 -2.01258 -0.392222
2.68295 -2.02969 -0.393111
2.80922 -2.04467 -0.402583
3.64482 -2.01798 -0.365252
3.68499 -2.03507 -0.340794
3.811 -2.03409 -0.290777
3.91625 -2.02658 -0.265584
3.97055 -2.03528 -0.26549
4.10928 -2.0074 -0.291454
4.16659 -2.01629 -0.313789
4.2704 -2.01712 -0.361513
4.43195 -2.05836 -0.407426
4.67462 -2.0529 -0.394318
4.7681 -2.04352 -0.357799
2.3824 -1.98308 -0.409265
2.48133 -1.97077 -0.39599
2.62906 -1.97294 -0.389744
2.71536 -1.95935 -0.392829
2.79833 -1.99583 -0.40073
2.86502 -1.97051 -0.405339
3.26916 -1.95428 -0.434273
3.6698 -1.98505 -0.351008
3.73055 -1.98853 -0.312101
3.82238 -1.99677 -0.279728
3.917 -1.97859 -0.262927
4.02336 -1.97599 -0.275094
4.16202 -1.98166 -0.314581
4.21869 -1.978 -0.341485
4.43675 -2.0282 -0.422948
4.70598 -1.99457 -0.38533
2.37261 -1.92739 -0.410246
2.4242 -1.91376 -0.402438
2.57267 -1.92436 -0.38964
2.75733 -1.92642 -0.395201
2.82713 -1.9152 -0.40152
2.88202 -1.93784 -0.406468
3.27764 -1.92677 -0.431211
3.59106 -1.91843 -0.365705
3.68919 -1.92918 -0.326409
3.78298 -1.90899 -0.280511
3.92711 -1.93883 -0.257931
4.02077 -1.93593 -0.277021
4.08868 -1.91703 -0.293647
4.16653 -1.91937 -0.327921
4.73837 -1.93429 -0.3719
2.3802 -1.87859 -0.411148
2.52401 -1.86927 -0.391744
2.62283 -1.87411 -0.389064
2.70564 -1.85606 -0.393971
2.87282 -1.89153 -0.406689
3.27234 -1.89541 -0.425932
3.4979 -1.85405 -0.39483
3.55642 -1.85857 -0.375074
3.61584 -1.87129 -0.339909
3.67327 -1.88788 -0.322804
3.73952 -1.87963 -0.289096
3.87667 -1.90495 -0.253496
4.75885 -1.89753 -0.356156
2.42989 -1.82453 -0.405392
2.52405 -1.82724 -0.393822
2.57301 -1.82646 -0.389153
2.71465 -1.83017 -0.39405
2.79169 -1.80419 -0.396154
3.16447 -1.79376 -0.4276
3.58372 -1.82689 -0.355455
3.74196 -1.85044 -0.284547
3.8016 -1.83911 -0.260308
2.33436 -1.79336 -0.432096
2.52452 -1.77428 -0.396614
2.62652 -1.77014 -0.393811
2.7214 -1.75272 -0.389925
2.77079 -1.76131 -0.390537
2.90934 -1.7561 -0.399489
3.13919 -1.76777 -0.431111
3.4903 -1.76471 -0.380484
3.57832 -1.76881 -0.342656
3.66273 -1.77992 -0.305616
3.79602 -1.77256 -0.247686
2.52656 -1.72881 -0.400649
2.62314 -1.72118 -0.393142
2.74976 -1.69714 -0.380405
2.82188 -1.71257 -0.385048
2.88179 -1.73568 -0.392626
2.97682 -1.689 -0.401481
3.06656 -1.69774 -0.416088
3.4803 -1.71271 -0.375281
3.57058 -1.72174 -0.335159
3.65875 -1.71202 -0.289555
3.75575 -1.74372 -0.257107
2.52357 -1.67061 -0.405222
2.62336 -1.6626 -0.388276
2.76891 -1.65823 -0.371779
2.82407 -1.65735 -0.373601
2.87915 -1.66714 -0.381218
2.95848 -1.64525 -0.394495
3.07364 -1.65987 -0.409704
3.44011 -1.66789 -0.377793
3.5702 -1.66976 -0.328655
3.6664 -1.68066 -0.280861
3.72035 -1.68492 -0.258922
2.71937 -1.62481 -0.362349
2.84917 -1.62131 -0.367935
2.96401 -1.61577 -0.389919
3.05671 -1.60282 -0.397135
3.16971 -1.60115 -0.398195
3.48278 -1.62054 -0.346995
3.56951 -1.6275 -0.320013
3.65814 -1.62077 -0.280969
3.70622 -1.61804 -0.26003
3.76071 -1.60808 -0.238179
3.85822 -1.60665 -0.216806
3.91822 -1.67825 -0.425066
2.60717 -1.5852 -0.375559
2.69332 -1.57771 -0.341669
2.85317 -1.57622 -0.347704
2.96502 -1.5577 -0.37616
3.06011 -1.57409 -0.391503
3.17211 -1.57075 -0.393416
3.41688 -1.55004 -0.347384
3.56825 -1.57635 -0.310092
3.65967 -1.56885 -0.278001
3.70402 -1.56987 -0.261712
3.74829 -1.55919 -0.248712
3.81655 -1.57088 -0.22468
3.91962 -1.548 -0.253353
3.98661 -1.56659 -0.330792
2.88659 -1.52327 -0.3492
2.93364 -1.50147 -0.363872
3.0613 -1.53605 -0.381327
3.43194 -1.51611 -0.338065
3.57259 -1.5312 -0.306908
3.70498 -1.51112 -0.279572
3.75655 -1.51309 -0.264875
3.85203 -1.51003 -0.237211
3.92574 -1.51885 -0.271167
2.91573 -1.45152 -0.339793
2.98157 -1.46426 -0.362168
3.42477 -1.4969 -0.33083
3.49005 -1.48553 -0.316916
3.56754 -1.48859 -0.300208
3.71323 -1.46739 -0.287017
3.80383 -1.45558 -0.289823
3.96055 -1.46648 -0.347494
3.94718 -1.47021 -0.420176
2.91885 -1.42379 -0.329633
3.62152 -1.42349 -0.283339
3.86359 -1.41268 -0.297144
3.84509 -1.37986 -0.363967
2.89615 -1.41343 -0.300797
2.94337 -1.3835 -0.319071
3.67181 -1.37543 -0.281784
3.72715 -1.38249 -0.292856
3.86471 -1.37141 -0.321559
3.859 -1.34718 -0.374323
2.93013 -1.36666 -0.285728
2.96167 -1.35198 -0.307916
3.32347 -1.31881 -0.276284
3.6846 -1.33205 -0.290537
3.74216 -1.33533 -0.304219
3.87285 -1.33244 -0.344494
4.00803 -1.32125 -0.381484
2.95157 -1.33729 -0.283224
2.97636 -1.32483 -0.283595
3.0095 -1.29866 -0.307644
3.3015 -1.2963 -0.285896
3.85925 -1.29321 -0.352317
2.97247 -1.30133 -0.276101
3.03451 -1.25503 -0.299796
3.27865 -1.24357 -0.279166
3.49942 -1.21441 -0.2468
3.01546 -1.24178 -0.293588
3.05831 -1.22018 -0.297179
3.28454 -1.20799 -0.272945
3.54033 -1.18199 -0.270635
3.82258 -1.18087 -0.379748
3.04733 -1.20359 -0.286493
3.10269 -1.18406 -0.288183
3.28982 -1.16215 -0.264599
3.08335 -1.17395 -0.269608
3.34897 -1.12163 -0.238334
3.47183 -1.05339 -0.270232
3.15201 -1.15399 -0.273317
3.21897 -1.1458 -0.301484
3.51474 -1.03963 -0.290187
3.2661 -1.12591 -0.304015
4.16534 -0.942636 -0.450554
3.29466 -1.11051 -0.301314
3.49796 -0.876284 -0.26965
3.59061 -0.861796 -0.316638
3.70053 -0.851058 -0.347981
3.52847 -0.855123 -0.251404
3.57447 -0.828693 -0.302108
3.62025 -0.829196 -0.325335
3.70129 -0.811813 -0.345996
3.58678 -0.781871 -0.306247
3.63261 -0.769936 -0.318931
3.68363 -0.77607 -0.336039
3.75576 -0.772809 -0.334541
3.61275 -0.758655 -0.269416
3.66624 -0.731623 -0.325062
3.7364 -0.734797 -0.314189
3.67395 -0.719819 -0.360248
3.68834 -0.682876 -0.33917
3.74049 -0.712319 -0.269488
3.63078 -0.714394 -0.280402
3.70927 -0.626649 -0.305922
3.61778 -0.70161 -0.28074
3.67433 -0.601934 -0.373648
3.6828 -0.581666 -0.345937
3.69743 -0.568709 -0.304481
3.70578 -0.584114 -0.292757
3.69266 -0.526048 -0.328667
3.70706 -0.544682 -0.283298
3.74969 -0.612789 -0.218454
3.71246 -0.478205 -0.327534
3.73514 -0.431252 -0.329742
3.79562 -0.238759 -0.324813
3.60353 -3.06835 -0.225021
3.66562 -3.14438 -0.299003
3.65311 -3.08697 -0.291159
3.39253 -3.04808 -0.315513
3.44153 -3.05077 -0.287122
3.51037 -3.01426 -0.272472
3.5766 -3.01939 -0.269802
3.70042 -3.0443 -0.323259
3.41474 -2.98801 -0.311353
3.48299 -2.97307 -0.302758
3.56434 -2.97849 -0.291912
3.69408 -3.01619 -0.325432
3.79073 -2.97135 -0.380847
3.42598 -2.94572 -0.318192
3.50287 -2.92953 -0.314613
3.64916 -2.95759 -0.326757
3.71077 -2.94574 -0.353042
3.36655 -2.89339 -0.340597
3.42454 -2.8771 -0.334713
3.51628 -2.8972 -0.325069
3.62643 -2.92095 -0.335422
3.69651 -2.90834 -0.359085
3.48366 -2.84538 -0.340794
3.54724 -2.83462 -0.346474
3.60028 -2.86025 -0.345506
3.74193 -2.81428 -0.373807
2.79483 -2.77957 -0.406134
3.51029 -2.76262 -0.355533
3.60996 -2.78162 -0.351392
3.76922 -2.75907 -0.372965
2.76127 -2.73938 -0.405013
3.15666 -2.71079 -0.411041
3.49908 -2.75449 -0.358357
3.78688 -2.74225 -0.371959
2.69287 -2.68273 -0.406138
3.86398 -2.35185 -0.307493
4.62642 -2.3762 -0.308015
3.77869 -2.32259 -0.330526
3.85634 -2.32409 -0.303365
3.96877 -2.30053 -0.32728
4.60977 -2.33006 -0.311637
4.65726 -2.34871 -0.330115
3.78691 -2.2585 -0.337997
3.84424 -2.27161 -0.315375
3.93086 -2.28174 -0.302479
4.05354 -2.10878 -0.343512
3.74606 -2.20285 -0.356245
3.82976 -2.20674 -0.321863
3.88003 -2.2154 -0.298883
4.05523 -2.12626 -0.338849
4.10606 -2.11996 -0.34827
4.23609 -2.08999 -0.322983
4.31885 -2.11275 -0.269527
4.40148 -2.21898 -0.313673
4.509 -2.25877 -0.31634
4.62029 -2.25465 -0.34974
3.60616 -2.14313 -0.395291
3.65944 -2.14509 -0.377744
3.7927 -2.15721 -0.328723
3.83829 -2.16294 -0.311152
3.96846 -2.1746 -0.282558
4.06613 -2.18431 -0.287318
4.11441 -2.13059 -0.330506
4.23641 -2.1214 -0.271221
4.32597 -2.1547 -0.262719
4.46164 -2.19878 -0.338935
4.71653 -2.19863 -0.368634
3.82891 -2.11656 -0.304592
3.91701 -2.1175 -0.276617
4.01714 -2.12977 -0.264494
4.07378 -2.12312 -0.267077
4.14509 -2.13956 -0.273104
4.2655 -2.13544 -0.297671
4.3588 -2.16393 -0.29437
4.49005 -2.14895 -0.37155
4.6431 -2.18485 -0.373616
4.74263 -2.16391 -0.366808
3.67262 -2.05415 -0.380874
3.74669 -2.05785 -0.334492
3.79162 -2.06273 -0.314055
3.87287 -2.07252 -0.278423
3.9735 -2.07385 -0.265547
4.05499 -2.05011 -0.268574
4.34327 -2.15476 -0.311858
4.42736 -2.13169 -0.36705
4.4947 -2.11222 -0.385736
3.69615 -2.00181 -0.3518
3.82104 -2.02883 -0.287633
3.91583 -2.02338 -0.266313
3.97232 -2.02229 -0.265484
4.06699 -2.01638 -0.278754
4.11962 -2.02468 -0.294466
4.27866 -2.06585 -0.355949
4.43588 -2.10062 -0.388314
3.23925 -1.96242 -0.440124
3.73539 -1.9565 -0.324649
3.9115 -1.97419 -0.259691
4.06439 -1.98486 -0.282741
4.12437 -1.96959 -0.308883
4.20536 -1.9688 -0.343758
4.44261 -2.05305 -0.416161
2.47328 -1.93091 -0.397753
3.62664 -1.89267 -0.369233
3.73993 -1.936 -0.312131
3.82728 -1.94832 -0.271457
3.93456 -1.92233 -0.256139
4.05006 -1.92785 -0.288019
4.14965 -1.92118 -0.326627
4.61976 -1.98311 -0.418441
4.72762 -1.95124 -0.377228
4.83606 -1.92274 -0.283106
3.56991 -1.84615 -0.380904
3.66484 -1.85272 -0.340258
3.73405 -1.88071 -0.304663
3.79097 -1.87944 -0.272874
3.90479 -1.89346 -0.250928
4.05233 -1.86427 -0.286619
2.44018 -1.80644 -0.406579
3.61239 -1.806 -0.354998
3.71871 -1.8179 -0.295784
3.83889 -1.84703 -0.251659
2.41708 -1.80307 -0.411481
2.67174 -1.76132 -0.395269
3.4278 -1.7431 -0.405182
3.51231 -1.75324 -0.381724
3.64739 -1.76881 -0.325738
3.72219 -1.76908 -0.281469
3.80173 -1.77867 -0.247792
2.58311 -1.72321 -0.399535
2.67015 -1.71473 -0.391354
2.7299 -1.67977 -0.380812
3.07851 -1.68851 -0.420315
3.46031 -1.70395 -0.396275
3.51273 -1.70414 -0.373568
3.59716 -1.71316 -0.336554
3.75342 -1.70526 -0.248469
2.66782 -1.64503 -0.381195
2.71387 -1.65105 -0.373386
3.05185 -1.63639 -0.410131
3.71022 -1.67432 -0.266724
3.7578 -1.66989 -0.239754
2.62056 -1.60806 -0.381557
2.68127 -1.61977 -0.366961
3.59187 -1.62241 -0.320656
3.71548 -1.62452 -0.260444
3.76278 -1.62376 -0.234087
3.92701 -1.61405 -0.224891
3.94036 -1.64808 -0.389345
3.39244 -1.55856 -0.365089
3.45449 -1.56311 -0.352152
3.7547 -1.56207 -0.247917
3.921 -1.57478 -0.24764
3.4903 -1.52681 -0.336784
3.67394 -1.52141 -0.285151
3.76506 -1.52148 -0.263848
3.80661 -1.53143 -0.239121
3.87451 -1.51944 -0.234673
3.90978 -1.53601 -0.353205
2.9199 -1.42385 -0.33312
3.53041 -1.46628 -0.308853
3.6292 -1.47805 -0.283009
3.72084 -1.47382 -0.274777
3.7768 -1.47192 -0.278441
3.82651 -1.46598 -0.280387
3.87318 -1.47504 -0.252846
3.91365 -1.48619 -0.355186
3.88971 -1.48711 -0.384209
2.90122 -1.40813 -0.301148
3.57642 -1.41888 -0.289279
3.72496 -1.42594 -0.274902
3.83198 -1.43446 -0.29787
3.84673 -1.39089 -0.362238
2.93384 -1.36605 -0.277452
3.67977 -1.38807 -0.277745
3.91382 -1.39744 -0.322287
3.88434 -1.3939 -0.379303
2.91686 -1.38231 -0.244316
2.95035 -1.34229 -0.257939
3.7058 -1.32867 -0.298959
3.81574 -1.34409 -0.323692
3.89834 -1.35855 -0.350044
2.94801 -1.33878 -0.240588
2.97148 -1.31752 -0.246737
2.99826 -1.2876 -0.274913
3.31169 -1.28978 -0.284753
3.86485 -1.31648 -0.35821
2.9714 -1.29452 -0.243693
3.01023 -1.26079 -0.254811
3.03527 -1.22906 -0.271804
3.25928 -1.20823 -0.279971
3.4808 -1.21135 -0.246692
2.98837 -1.25173 -0.2389
3.05049 -1.19996 -0.256357
3.08536 -1.17762 -0.262092
3.27401 -1.18018 -0.267771
3.50048 -1.17571 -0.259718
3.03721 -1.19831 -0.247889
3.3095 -1.12648 -0.236695
3.0746 -1.16175 -0.223735
3.3302 -1.09804 -0.230725
3.38443 -1.05494 -0.237759
3.47941 -1.06349 -0.275814
3.091 -1.15565 -0.232985
3.44155 -1.04699 -0.264151
3.51723 -1.04499 -0.294887
3.27378 -1.11517 -0.265546
3.72149 -0.72361 -0.250754
3.73315 -0.703887 -0.269149
3.7432 -0.660731 -0.228624
3.70786 -0.569196 -0.265446
3.71417 -0.591232 -0.25087
3.71161 -0.522567 -0.284999
3.71602 -0.549651 -0.231848
3.71839 -0.484144 -0.270633
3.73561 -0.431591 -0.274239
3.76817 -0.368369 -0.26772
3.77796 -0.343032 -0.283268
3.80769 -0.236742 -0.2743
3.65186 -3.12177 -0.316874
3.61555 -3.07767 -0.256579
3.40612 -3.0554 -0.306939
3.51773 -3.03181 -0.265014
3.56362 -2.99632 -0.27786
3.61763 -3.00878 -0.291004
3.38162 -2.94146 -0.328995
3.50859 -2.93928 -0.311316
3.60197 -2.96953 -0.303457
3.67725 -2.96782 -0.337343
3.39447 -2.91874 -0.33008
3.47192 -2.89635 -0.325461
3.6174 -2.93248 -0.331308
3.69767 -2.91321 -0.363268
3.36982 -2.8541 -0.348009
3.46185 -2.86056 -0.336626
3.46713 -2.81076 -0.351661
3.52069 -2.81872 -0.347973
3.61211 -2.82386 -0.354156
3.6932 -2.77622 -0.35995
3.74885 -2.778 -0.374472
3.78488 -2.30878 -0.340242
3.85102 -2.31114 -0.321207
3.97019 -2.28427 -0.337498
4.02928 -2.16697 -0.379177
3.80735 -2.21865 -0.346133
3.89423 -2.26602 -0.311013
3.98896 -2.14344 -0.33894
4.09541 -2.10615 -0.339288
4.24159 -2.08277 -0.29467
4.3127 -2.09446 -0.27265
4.64998 -2.30565 -0.342574
3.78348 -2.1595 -0.3539
3.84506 -2.19472 -0.322069
3.89589 -2.19178 -0.310907
3.9827 -2.18872 -0.301939
4.06635 -2.11997 -0.31312
4.18015 -2.06946 -0.260796
4.31978 -2.08773 -0.287951
4.6937 -2.2481 -0.362156
3.78222 -2.11301 -0.346305
3.84887 -2.14947 -0.312061
3.89429 -2.15017 -0.296863
3.97822 -2.1669 -0.286633
4.02733 -2.15248 -0.286742
4.11491 -2.10687 -0.303945
4.16797 -2.10174 -0.316747
4.28139 -2.14596 -0.216162
4.34794 -2.15105 -0.226656
4.60149 -2.24973 -0.351471
3.77706 -2.06944 -0.338212
3.84964 -2.09691 -0.302467
3.93461 -2.11366 -0.280982
4.05613 -2.11582 -0.270783
4.11173 -2.11605 -0.2758
4.20395 -2.15773 -0.255006
4.34776 -2.18064 -0.25254
3.73966 -2.02106 -0.352015
3.81633 -2.02594 -0.307174
3.85045 -2.05423 -0.292822
3.97588 -2.06522 -0.266623
4.04927 -2.0502 -0.268798
4.11226 -2.05343 -0.284635
4.34783 -2.17079 -0.299925
3.71867 -1.96874 -0.356758
3.75233 -1.98538 -0.33784
3.84791 -2.00917 -0.281461
3.9737 -2.00739 -0.262312
4.07336 -2.02252 -0.275463
4.14867 -2.03643 -0.306579
3.74198 -1.9389 -0.336073
3.87844 -1.97628 -0.26088
3.92189 -1.97631 -0.258066
4.00588 -1.98504 -0.267139
4.10323 -1.97873 -0.302187
4.2868 -2.09503 -0.352986
3.70109 -1.88705 -0.348086
4.00722 -1.92196 -0.270939
4.06115 -1.9272 -0.291441
4.141 -1.92854 -0.322911
3.67291 -1.84019 -0.350056
3.74817 -1.83858 -0.294
3.79504 -1.87204 -0.275934
3.89633 -1.87239 -0.244737
3.94454 -1.86885 -0.252729
4.14692 -1.9035 -0.339646
3.66894 -1.79586 -0.331957
3.74709 -1.81018 -0.28624
3.85121 -1.83093 -0.245733
4.05062 -1.83382 -0.311216
4.08771 -1.84514 -0.360741
3.63164 -1.75189 -0.340005
3.76772 -1.75141 -0.255743
3.83115 -1.7554 -0.229817
3.52866 -1.68071 -0.374494
3.65917 -1.71463 -0.310598
3.76625 -1.7146 -0.245819
3.86526 -1.7282 -0.221437
3.91557 -1.7588 -0.328622
2.6216 -1.64829 -0.395005
3.65495 -1.66684 -0.303321
3.81198 -1.68698 -0.221602
3.86478 -1.69465 -0.216477
3.91358 -1.65986 -0.257909
3.42267 -1.5678 -0.368827
3.73262 -1.62534 -0.256245
3.80607 -1.63589 -0.218282
3.86395 -1.60961 -0.213246
3.87264 -1.64922 -0.362355
3.45338 -1.54434 -0.359254
3.5192 -1.54575 -0.34368
3.60462 -1.57237 -0.317749
3.69041 -1.58056 -0.273373
3.77695 -1.57684 -0.238
3.91369 -1.58242 -0.237726
3.89138 -1.62068 -0.339679
3.55328 -1.50932 -0.32378
3.73201 -1.53205 -0.268037
3.86617 -1.52713 -0.235865
3.88478 -1.54137 -0.299794
3.87386 -1.59346 -0.352762
3.54836 -1.45622 -0.3161
3.62874 -1.47455 -0.278897
3.78423 -1.48231 -0.277001
3.87814 -1.48245 -0.256268
3.84696 -1.48262 -0.344054
3.89076 -1.51524 -0.379283
2.87376 -1.41441 -0.218897
3.52905 -1.40252 -0.308408
3.59003 -1.43345 -0.291646
3.72023 -1.43262 -0.265384
3.8086 -1.43353 -0.281043
3.80277 -1.41175 -0.299837
2.89657 -1.39507 -0.205602
3.53546 -1.37988 -0.301702
3.63701 -1.38532 -0.277853
3.83392 -1.39978 -0.311292
3.88077 -1.39409 -0.358541
2.94053 -1.34611 -0.205104
3.30261 -1.26036 -0.292216
3.74098 -1.34813 -0.302454
3.80173 -1.3505 -0.32896
2.95767 -1.32377 -0.209067
2.96942 -1.30687 -0.206368
3.31619 -1.23899 -0.282524
2.95427 -1.31935 -0.192082
2.99916 -1.25634 -0.207901
3.4911 -1.21399 -0.260817
3.03696 -1.19184 -0.213857
3.25279 -1.14578 -0.24588
3.05894 -1.17077 -0.207938
3.3144 -1.11792 -0.229788
3.06494 -1.16414 -0.202772
3.33181 -1.08554 -0.216769
3.40594 -1.07058 -0.2527
3.46595 -1.06751 -0.274299
3.09928 -1.15073 -0.190003
3.48896 -1.04482 -0.286057
3.16424 -1.1324 -0.182562
3.2808 -1.11067 -0.244895
3.72942 -0.692132 -0.21481
3.72198 -0.628903 -0.212056
3.7225 -0.514396 -0.215034
3.71869 -0.541562 -0.178125
3.73354 -0.447407 -0.201695
3.75982 -0.383937 -0.227909
3.81082 -0.236489 -0.222859
3.63335 -3.09572 -0.296351
3.38609 -3.02175 -0.323893
3.43027 -3.03313 -0.298275
3.52322 -3.04808 -0.251799
3.59803 -3.04553 -0.260083
3.65709 -3.06562 -0.300624
3.56246 -3.00784 -0.271146
3.4049 -2.93288 -0.323867
3.65989 -2.98646 -0.330141
3.33461 -2.88547 -0.352467
3.47121 -2.90667 -0.323059
3.67613 -2.94951 -0.348332
3.42803 -2.85134 -0.34185
3.53028 -2.82154 -0.350732
3.69054 -2.76041 -0.36347
3.91355 -2.28904 -0.318698
4.30817 -2.09011 -0.289256
3.87685 -2.21772 -0.331537
3.98188 -2.13961 -0.324544
4.25344 -2.08059 -0.264823
3.81197 -2.12393 -0.337625
3.86845 -2.1698 -0.317065
3.9335 -2.15573 -0.297611
3.98711 -2.14868 -0.301663
4.06603 -2.09087 -0.294474
4.27941 -2.0836 -0.209343
4.35007 -2.19309 -0.192064
3.8611 -2.11673 -0.307684
3.90602 -2.1309 -0.293498
4.02163 -2.13183 -0.281186
4.10844 -2.0727 -0.276095
4.30411 -2.14601 -0.150316
4.35711 -2.20733 -0.197586
3.80725 -2.03074 -0.313204
3.86853 -2.06395 -0.288662
4.05963 -2.1029 -0.269936
4.14452 -2.10407 -0.285714
4.34705 -2.20695 -0.275852
3.77155 -1.9992 -0.332827
3.84084 -1.99897 -0.281529
3.93847 -2.04368 -0.266784
3.98276 -2.04835 -0.261774
4.06402 -2.05655 -0.271819
4.12181 -2.0558 -0.292239
4.34871 -2.18944 -0.297425
3.77521 -1.94441 -0.316058
3.86514 -1.98733 -0.266789
3.899 -1.99312 -0.257049
3.97967 -2.00693 -0.257569
4.09743 -2.02671 -0.285946
4.15134 -2.03328 -0.309704
4.28695 -2.13424 -0.32383
4.34946 -2.17802 -0.305181
3.81135 -1.93958 -0.288673
3.97538 -1.9601 -0.252258
4.1005 -1.97957 -0.295216
3.72555 -1.84909 -0.324508
4.06409 -1.92421 -0.294507
4.12823 -1.88546 -0.352982
3.68748 -1.77684 -0.323212
3.80049 -1.81957 -0.261318
3.69087 -1.75198 -0.311135
3.80648 -1.75367 -0.240741
3.69154 -1.71259 -0.300848
3.79394 -1.71726 -0.235665
3.866 -1.728 -0.21671
3.85561 -1.75382 -0.336329
3.56732 -1.60911 -0.350983
3.68667 -1.66785 -0.296929
3.76462 -1.67457 -0.24629
3.79927 -1.67595 -0.222499
3.8977 -1.67814 -0.263334
3.54401 -1.59282 -0.35585
3.67455 -1.6239 -0.295311
3.79349 -1.62992 -0.223059
3.87197 -1.62935 -0.22039
3.83099 -1.6683 -0.327301
3.63199 -1.57164 -0.316681
3.79386 -1.58728 -0.233206
3.872 -1.57954 -0.227147
3.80547 -1.60939 -0.29825
3.82014 -1.64963 -0.292762
3.61722 -1.50757 -0.306217
3.66206 -1.52241 -0.292011
3.7556 -1.55407 -0.274126
3.84783 -1.5413 -0.231313
3.83049 -1.56431 -0.296805
3.82143 -1.58275 -0.303601
3.86128 -1.59563 -0.32991
2.86193 -1.40968 -0.227483
3.63227 -1.47287 -0.278221
3.72147 -1.48217 -0.258021
3.78589 -1.50052 -0.267494
3.85331 -1.51228 -0.257315
3.88545 -1.4762 -0.178789
3.81037 -1.4918 -0.307154
2.88015 -1.40705 -0.195421
3.38446 -1.37007 -0.323374
3.62235 -1.43249 -0.275106
3.66953 -1.43384 -0.267532
3.75625 -1.44807 -0.272347
3.78539 -1.4438 -0.277815
3.80296 -1.44321 -0.278253
2.90464 -1.4022 -0.161927
3.37612 -1.30899 -0.297446
3.57432 -1.38261 -0.297917
3.65713 -1.39142 -0.270172
3.69644 -1.39975 -0.272693
3.78177 -1.41708 -0.293633
3.77912 -1.39447 -0.291112
3.79457 -1.38555 -0.270442
2.93649 -1.34824 -0.162158
3.37267 -1.2429 -0.280742
3.66812 -1.36622 -0.287713
3.77937 -1.37411 -0.310074
2.94966 -1.33947 -0.161503
2.9702 -1.30192 -0.160428
3.03086 -1.21007 -0.229794
3.32947 -1.21352 -0.273771
2.96556 -1.29542 -0.173412
3.00096 -1.23921 -0.17058
3.03088 -1.19691 -0.202381
3.29534 -1.16373 -0.253028
2.98692 -1.24832 -0.154396
3.02998 -1.18561 -0.171373
3.26513 -1.12836 -0.225582
2.99545 -1.22344 -0.160653
3.01824 -1.19377 -0.157821
3.05435 -1.16441 -0.161045
3.30656 -1.1095 -0.165378
3.05041 -1.16368 -0.15462
3.33388 -1.07597 -0.230764
3.40747 -1.09226 -0.252681
3.10153 -1.14308 -0.16033
3.41329 -1.05293 -0.258443
3.47261 -1.04653 -0.280372
3.53175 -1.04032 -0.307917
3.10559 -1.1416 -0.148555
3.15207 -1.13556 -0.155319
3.67579 -0.967811 -0.361182
3.74163 -0.965348 -0.382894
3.27801 -1.11534 -0.173156
3.40252 -1.07578 -0.170894
3.76277 -0.880448 -0.371661
3.30498 -1.10364 -0.173588
3.6214 -0.815128 -0.277539
3.86896 -0.842992 -0.215076
3.62339 -0.786668 -0.25442
3.73129 -0.669614 -0.185639
3.73026 -0.628531 -0.185447
3.73363 -0.576624 -0.164609
3.73137 -0.518584 -0.163769
3.73088 -0.532978 -0.148212
3.72781 -0.52152 -0.136352
3.76877 -0.34344 -0.18724
3.78907 -0.292458 -0.191248
3.7898 -0.271386 -0.173517
3.38575 -2.90013 -0.337803
3.43824 -2.91107 -0.323615
3.39565 -2.86554 -0.342305
3.4425 -2.87434 -0.335193
3.4892 -2.85397 -0.344125
3.86366 -2.23771 -0.333853
3.91857 -2.27359 -0.329974
3.86611 -2.10628 -0.298126
3.9248 -2.14088 -0.30564
4.26204 -2.07061 -0.247083
3.83025 -2.06497 -0.292885
3.94038 -2.14218 -0.292851
3.99524 -2.13484 -0.289794
4.03345 -2.0743 -0.265173
4.23331 -2.07062 -0.160831
4.29559 -2.0627 -0.18504
4.34876 -2.04905 -0.242109
3.85017 -2.05074 -0.283075
3.94717 -2.1056 -0.280443
4.05639 -2.10222 -0.272755
4.09482 -2.04696 -0.232975
4.32039 -2.20349 -0.325411
3.804 -1.99256 -0.292473
3.84988 -2.00929 -0.267854
3.90681 -2.02689 -0.254202
4.0541 -2.0835 -0.267133
4.13238 -2.15241 -0.273572
4.29595 -2.21909 -0.225703
4.34042 -2.20883 -0.294838
3.77982 -1.96079 -0.314313
3.87857 -1.99356 -0.248273
3.91181 -2.00184 -0.242001
4.08556 -2.0458 -0.276263
4.34317 -2.19419 -0.300802
3.80849 -1.94056 -0.280543
3.85404 -1.95748 -0.254534
3.95062 -1.97255 -0.238585
4.0191 -1.98642 -0.253717
4.10081 -2.0193 -0.28308
4.34733 -2.18506 -0.301663
3.75188 -1.87462 -0.304151
3.94157 -1.94491 -0.242311
3.99217 -1.93598 -0.255353
4.04527 -1.9401 -0.272414
4.11261 -1.97796 -0.301507
3.7543 -1.85459 -0.300616
4.02074 -1.89985 -0.292603
4.08612 -1.92123 -0.305164
3.73974 -1.78832 -0.290309
3.76861 -1.78046 -0.269676
3.82319 -1.78874 -0.23901
3.70556 -1.74026 -0.298719
3.79105 -1.74756 -0.243018
3.83414 -1.75089 -0.22171
3.8915 -1.77767 -0.214761
3.76802 -1.7152 -0.2492
3.78305 -1.70441 -0.240836
3.85941 -1.71929 -0.210616
3.79107 -1.6746 -0.222836
3.81834 -1.67185 -0.211539
3.84927 -1.67195 -0.215434
3.64994 -1.61473 -0.315549
3.78538 -1.63874 -0.226479
3.81703 -1.63573 -0.206532
3.7921 -1.68383 -0.27788
3.62157 -1.5523 -0.320433
3.69838 -1.59348 -0.293281
3.75165 -1.60342 -0.258898
3.82164 -1.60344 -0.208855
3.80458 -1.6392 -0.275582
2.8744 -1.38361 -0.242351
3.67145 -1.53039 -0.293146
3.78903 -1.58599 -0.253007
3.83768 -1.57606 -0.218944
3.86177 -1.57079 -0.21592
3.7766 -1.57419 -0.257607
3.8012 -1.56704 -0.264057
2.86358 -1.4162 -0.160508
3.65361 -1.46785 -0.280365
3.79819 -1.45518 -0.137677
3.78464 -1.50259 -0.251339
3.84512 -1.55174 -0.263217
2.88895 -1.40155 -0.141173
3.36132 -1.33225 -0.313426
3.68882 -1.46289 -0.2546
3.71504 -1.45005 -0.257959
3.72672 -1.44163 -0.230424
3.77691 -1.43817 -0.193573
3.79158 -1.44549 -0.23468
2.91499 -1.38133 -0.108901
3.32458 -1.2825 -0.291784
3.66822 -1.42715 -0.264105
3.74489 -1.39638 -0.257596
3.75949 -1.39456 -0.222809
3.79109 -1.38568 -0.248248
2.93807 -1.37532 -0.110489
2.93663 -1.34739 -0.111763
3.2931 -1.21648 -0.274537
2.95026 -1.33132 -0.109182
2.97227 -1.27683 -0.111416
3.03295 -1.18096 -0.166529
3.26328 -1.16351 -0.233404
3.35216 -1.18495 -0.261094
2.96562 -1.28782 -0.10765
3.01291 -1.20161 -0.149842
3.056 -1.16401 -0.160771
3.30204 -1.12376 -0.209093
2.97983 -1.24997 -0.115364
2.99618 -1.22467 -0.111325
3.02708 -1.17973 -0.125811
3.07037 -1.14736 -0.116959
3.29956 -1.10648 -0.162485
3.01265 -1.19463 -0.110368
3.04395 -1.16657 -0.120961
3.08816 -1.13838 -0.10099
3.33523 -1.13579 -0.104055
3.06411 -1.15354 -0.10906
3.11029 -1.13484 -0.117012
3.37102 -1.0698 -0.239541
3.45023 -1.07655 -0.26798
3.06182 -1.15421 -0.120939
3.09702 -1.13824 -0.111525
3.49003 -1.05819 -0.29117
3.56101 -1.05932 -0.308069
3.61393 -1.07176 -0.319533
3.58287 -1.06296 -0.259322
3.13922 -1.13167 -0.109476
3.602 -0.991354 -0.291637
3.58746 -0.999239 -0.19983
3.26939 -1.11409 -0.108386
3.91501 -0.837445 -0.169506
3.68418 -0.83305 -0.148234
3.91069 -0.837918 -0.114684
3.71383 -0.783893 -0.139082
3.74817 -0.771782 -0.111817
3.74196 -0.731261 -0.129821
3.74911 -0.692292 -0.119116
3.75858 -0.67674 -0.0971141
3.7485 -0.621142 -0.124579
3.76896 -0.330903 -0.104956
3.79224 -0.265341 -0.139321
3.78878 -0.275422 -0.101165
3.39054 -2.93737 -0.335465
3.40056 -2.90504 -0.333903
3.31709 -2.87437 -0.362959
3.41101 -2.87134 -0.337989
3.99384 -2.06796 -0.229437
3.84714 -2.05242 -0.266488
3.87249 -2.05438 -0.253309
3.92083 -2.0887 -0.278145
4.04115 -2.04064 -0.198507
4.29012 -2.04116 -0.219656
4.32352 -2.09172 -0.31418
3.84285 -2.0126 -0.237945
3.88853 -2.02033 -0.236159
3.94434 -2.0284 -0.231814
4.0515 -2.05621 -0.244495
4.32039 -2.1375 -0.330458
3.82809 -1.96941 -0.236499
3.84394 -1.97878 -0.24931
3.86309 -1.99303 -0.243537
3.91036 -2.01182 -0.236499
3.99231 -2.04346 -0.245192
4.05472 -2.04906 -0.257841
4.08443 -2.08143 -0.274365
3.92651 -1.97948 -0.223474
3.98313 -1.98208 -0.212053
4.03325 -2.00919 -0.236271
4.08207 -2.02293 -0.274027
4.11608 -2.15809 -0.268461
3.91526 -1.94666 -0.219384
3.94719 -1.95287 -0.222513
4.01552 -1.94693 -0.232065
4.06368 -1.98957 -0.260348
4.10681 -1.99761 -0.296186
3.95139 -1.92497 -0.233285
4.04324 -1.93647 -0.265835
4.11258 -1.96738 -0.305234
3.72952 -1.82839 -0.272773
4.05785 -1.9136 -0.286759
3.73627 -1.78603 -0.269895
3.77549 -1.7778 -0.247444
3.7527 -1.73351 -0.251211
3.81306 -1.73513 -0.211845
3.8745 -1.73765 -0.199337
3.76953 -1.71482 -0.225645
3.81511 -1.70869 -0.203183
3.84754 -1.70725 -0.189149
3.81306 -1.67562 -0.190644
3.87119 -1.6756 -0.1891
3.76461 -1.71253 -0.251312
3.85177 -1.64937 -0.199804
3.75085 -1.66589 -0.229566
2.87189 -1.38604 -0.218865
3.69029 -1.55026 -0.292915
3.78571 -1.62677 -0.211369
3.80675 -1.61806 -0.204725
3.76742 -1.63698 -0.231981
2.8414 -1.40751 -0.165909
3.70671 -1.51872 -0.289673
3.85247 -1.59173 -0.160791
3.73314 -1.5291 -0.148948
3.77161 -1.58764 -0.188551
2.85356 -1.43129 -0.0962654
3.65756 -1.45244 -0.27676
3.68186 -1.49764 -0.199563
3.80338 -1.45735 -0.0893794
3.76701 -1.51231 -0.192024
2.89011 -1.42419 -0.0789521
3.28693 -1.26234 -0.275357
3.69853 -1.44533 -0.157063
3.76881 -1.45287 -0.188239
2.92389 -1.38026 -0.0706022
3.29747 -1.23279 -0.263856
3.64135 -1.44393 -0.247372
3.69729 -1.41734 -0.20671
3.73276 -1.40829 -0.165649
2.9345 -1.36032 -0.0750234
2.94428 -1.33011 -0.0725499
3.25403 -1.15893 -0.227536
2.95158 -1.31161 -0.0697227
2.96839 -1.2741 -0.0764124
3.01276 -1.19126 -0.144908
3.23538 -1.12428 -0.184338
2.9636 -1.28431 -0.0683272
2.97873 -1.24107 -0.0752905
3.03183 -1.16934 -0.0867743
3.19035 -1.10727 -0.0999189
3.28431 -1.12326 -0.193801
2.98118 -1.23284 -0.0594661
3.03072 -1.17612 -0.0780394
3.05524 -1.1533 -0.0713343
3.23438 -1.10606 -0.0915704
3.33299 -1.11691 -0.0997122
3.00594 -1.20194 -0.0677793
3.05205 -1.15952 -0.0671276
3.10401 -1.12455 -0.0587106
3.35321 -1.16796 -0.0665989
3.03018 -1.17584 -0.0808616
3.07283 -1.14687 -0.0698834
3.36962 -1.16074 -0.0797623
3.3679 -1.08322 -0.231457
3.41372 -1.05901 -0.23973
3.11472 -1.12788 -0.0716943
3.377 -1.01812 -0.2184
3.44924 -1.03008 -0.262432
3.51731 -0.980886 -0.222975
3.58475 -1.07378 -0.282308
3.10765 -1.13013 -0.0743155
3.26917 -1.10543 -0.0941046
3.72359 -0.908447 -0.0543337
3.95625 -0.857225 -0.0866935
3.76982 -0.857047 -0.0511192
3.74886 -0.778519 -0.0638435
3.76375 -0.714138 -0.0685768
3.76309 -0.72261 -0.040158
3.76517 -0.664137 -0.0474669
3.76022 -0.729957 -0.0422093
3.74748 -0.669902 -0.12637
3.76055 -0.626252 -0.0866231
3.7647 -0.617643 -0.0481145
3.75069 -0.63627 -0.130285
3.75138 -0.572064 -0.120311
3.75813 -0.569872 -0.0874423
3.75131 -0.547785 -0.110599
3.75096 -0.530216 -0.0778293
3.74755 -0.496587 -0.107651
3.74888 -0.442784 -0.101269
3.75683 -0.401274 -0.11385
3.78639 -0.296324 -0.0604232
3.79188 -0.283706 -0.0733632
3.91007 -2.04356 -0.228815
4.03683 -2.03512 -0.187696
3.90738 -2.0178 -0.225229
4.01819 -2.03371 -0.220559
3.84818 -1.98478 -0.207932
3.91255 -1.98044 -0.21206
4.03408 -2.01925 -0.224145
4.07614 -2.04263 -0.249876
3.88785 -1.95884 -0.211824
3.94596 -1.95808 -0.205967
3.99257 -1.95052 -0.193967
4.02581 -1.96023 -0.218115
3.87634 -1.9315 -0.213868
3.98333 -1.93342 -0.218228
3.98694 -1.90382 -0.249375
4.06558 -1.93177 -0.276637
4.08838 -1.98116 -0.294459
3.76193 -1.83416 -0.219351
3.94278 -1.86056 -0.26585
4.00516 -1.8978 -0.282149
3.81032 -1.71572 -0.177249
3.84351 -1.70948 -0.18067
3.80247 -1.69508 -0.159979
3.87477 -1.67062 -0.169179
3.85602 -1.6391 -0.122242
3.8422 -1.66714 -0.207794
3.76233 -1.675 -0.165024
2.83193 -1.43319 -0.10792
3.72198 -1.52292 -0.264309
3.79826 -1.64565 -0.152925
3.85949 -1.63656 -0.165031
3.73121 -1.61903 -0.16918
3.75866 -1.65389 -0.182581
2.84082 -1.42416 -0.0873741
3.81917 -1.62183 -0.13638
3.85441 -1.54524 -0.0445825
3.75249 -1.59466 -0.157841
2.8921 -1.41926 -0.0129125
3.63186 -1.51797 -0.22286
3.72063 -1.47778 -0.0430444
3.79128 -1.45798 -0.0436404
3.74759 -1.49041 -0.121248
3.78082 -1.54479 -0.178417
3.82984 -1.57299 -0.1938
2.91496 -1.40665 -0.0266512
3.74909 -1.43068 -0.0833209
3.76534 -1.48121 -0.154854
2.9271 -1.37338 -0.0135495
3.71307 -1.40777 -0.120655
2.9401 -1.31056 -0.0319229
3.26846 -1.17739 -0.221201
2.95222 -1.31544 -0.0279944
2.95501 -1.28349 -0.0258932
2.99992 -1.19878 -0.0121687
3.16497 -1.10005 -0.0912636
2.95811 -1.2828 -0.0297127
2.98009 -1.23306 -0.024972
3.01886 -1.1781 -0.0310273
3.17126 -1.1055 -0.0517443
2.97924 -1.23418 -0.0323316
2.99436 -1.21247 -0.0382604
3.04771 -1.15969 -0.0189149
3.19168 -1.09855 -0.0312159
3.00563 -1.2029 -0.0303341
3.05985 -1.15398 -0.0210254
3.08019 -1.13889 -0.0159769
3.13257 -1.11419 -0.0174467
3.30358 -1.10747 -0.0149003
3.36854 -1.14226 -0.0210878
3.03774 -1.16721 -0.025903
3.07821 -1.1424 -0.0285059
3.38419 -1.11932 -0.0222292
3.34979 -1.00241 -0.153433
3.09586 -1.13025 -0.0254965
3.43297 -0.969108 -0.185204
3.49075 -0.997176 -0.235903
3.52703 -0.964462 -0.118937
3.10871 -1.12691 -0.0294419
3.17917 -1.11278 -0.0210118
3.19915 -1.11239 -0.0376868
3.26583 -1.10284 -0.0179403
3.383 -1.04978 0.00888214
3.76406 -0.739738 -0.0221095
3.77354 -0.751527 0.00929426
3.78027 -0.662613 -0.00947116
3.77295 -0.695712 -0.00231159
3.74463 -0.711161 -0.115016
3.77949 -0.632878 -0.0108098
3.715 -0.749218 -0.0825853
3.7649 -0.566742 -0.0499662
3.77455 -0.594519 -0.00411507
3.74052 -0.651769 -0.0926198
3.75946 -0.508204 0.000174253
3.75048 -0.478126 -0.0622069
3.75315 -0.452665 -0.0322243
3.75533 -0.439709 -0.0453274
3.75919 -0.400625 -0.00333998
3.77567 -0.335695 -0.0555674
3.80639 -0.285826 -0.0257896
3.98222 -2.01208 -0.202864
4.07403 -2.01011 -0.163006
3.98187 -1.97922 -0.186027
3.87022 -1.95488 -0.19461
3.9513 -1.90151 -0.226203
3.78527 -1.70271 -0.146569
3.81344 -1.70417 -0.125752
3.84307 -1.69161 -0.135974
3.88064 -1.68242 -0.12461
3.77792 -1.71571 -0.215804
3.85799 -1.65554 -0.106116
2.83994 -1.47933 -0.0275564
3.85029 -1.63124 -0.0541083
3.8374 -1.66054 -0.154651
3.72331 -1.60857 -0.124272
2.85574 -1.47294 0.000187751
3.76479 -1.5762 -0.234293
3.81193 -1.63443 -0.0818287
3.76536 -1.61606 -0.143407
2.88683 -1.45928 -0.00138392
3.60366 -1.4664 -0.240126
3.68299 -1.55738 -0.235206
3.8689 -1.53973 -0.030494
3.80439 -1.45909 0.000176193
3.81994 -1.58491 -0.160177
2.91141 -1.41383 0.0225092
3.70235 -1.43695 -0.0545754
3.73687 -1.44786 -0.0663211
3.76757 -1.49529 -0.129505
2.92436 -1.37157 0.0188017
3.7341 -1.41993 -0.0752369
2.9377 -1.35091 0.0248568
2.93413 -1.32488 0.0229311
2.94455 -1.31575 0.0215316
2.97856 -1.22755 -0.00143041
3.17922 -1.08906 -0.043872
2.95809 -1.27733 0.0196753
2.98084 -1.23061 0.0236399
3.01921 -1.17985 0.038824
3.16771 -1.09721 0.0108762
2.98384 -1.22939 0.0123762
3.04987 -1.15652 0.0147507
3.20121 -1.08997 0.0168386
2.99888 -1.21314 0.015505
3.08262 -1.13577 0.0281628
3.33559 -1.10081 0.0300502
3.01661 -1.19154 0.010962
3.0967 -1.12827 0.02888
3.1227 -1.11504 0.0250885
3.4689 -1.0089 -0.192531
3.10969 -1.12223 0.0245355
3.50133 -0.947824 -0.183218
3.52313 -0.976352 -0.0428717
3.34966 -1.06456 0.0331603
3.79584 -0.716643 0.0413729
3.80493 -0.718266 0.0665893
3.7876 -0.684059 0.00415574
3.80351 -0.672707 0.0615501
3.7483 -0.743578 -0.0738461
3.79193 -0.625361 0.0399888
3.73371 -0.721864 -0.070772
3.77731 -0.604725 -0.044071
3.78842 -0.587861 0.0468069
3.76229 -0.603677 -0.0799017
3.7723 -0.560888 -0.027297
3.76784 -0.527635 0.04019
3.7537 -0.47444 -0.0133731
3.75762 -0.456711 0.019127
3.76108 -0.487904 0.050322
3.76216 -0.449339 0.0281386
3.76487 -0.422971 0.0407474
3.80982 -0.300653 0.00866998
3.83982 -0.278061 0.0192559
3.87379 -0.254718 0.0281279
3.85082 -0.254929 0.00882765
3.75935 -1.79112 -0.127258
3.79094 -1.78756 -0.0910014
3.82326 -1.77776 -0.0779044
3.79464 -1.76104 -0.0887295
3.81773 -1.72206 -0.109426
3.84577 -1.73148 -0.105849
3.84618 -1.72463 -0.145135
3.85765 -1.6894 -0.110087
3.80218 -1.70325 -0.17447
2.87885 -1.53423 0.0481739
3.87128 -1.65551 -0.0709466
2.8664 -1.5107 0.0447122
3.86925 -1.60313 0.0162867
2.89979 -1.49713 0.0736881
3.83075 -1.62571 -0.0323528
3.86818 -1.6123 0.00678312
2.9127 -1.45773 0.0795662
3.76867 -1.45912 0.0321155
2.92167 -1.42252 0.0683957
3.70605 -1.46267 -0.0783225
2.93128 -1.40105 0.0718554
2.92791 -1.37371 0.0687187
2.93911 -1.35297 0.0725641
2.92705 -1.31964 0.0708501
2.94904 -1.31531 0.0726321
2.9768 -1.22074 0.0747699
2.95982 -1.27103 0.0704297
3.0066 -1.18942 0.0638567
3.18424 -1.07372 0.0621164
2.98193 -1.23716 0.0629495
3.05946 -1.14962 0.0649263
3.22361 -1.0719 0.0721975
3.01691 -1.18876 0.057657
3.08351 -1.13327 0.0653109
3.35694 -1.08007 0.0750615
3.05346 -1.15758 0.0587544
3.07982 -1.13581 0.0692379
3.12371 -1.11432 0.0496695
3.41333 -1.04813 0.0665212
3.45716 -0.956274 -0.10103
3.11971 -1.11697 0.064586
3.18021 -1.09608 0.0708885
3.65508 -0.9442 -0.204732
3.16996 -1.09933 0.0656634
3.35699 -1.02352 0.103069
3.78709 -0.558086 0.0973227
3.77864 -0.528893 0.0489335
3.77625 -0.48928 0.0785715
3.79978 -1.82773 -0.0153865
3.82896 -1.81132 -0.0443018
3.83093 -1.78485 -0.0513443
3.83337 -1.75603 -0.0639327
3.81922 -1.73229 -0.117293
3.77511 -1.70961 -0.146441
2.93461 -1.53221 0.130643
2.92382 -1.47745 0.126035
2.93099 -1.43042 0.1117
2.92852 -1.41453 0.119335
2.9294 -1.40541 0.113069
2.92834 -1.37463 0.117664
2.94053 -1.34462 0.125712
2.93402 -1.29708 0.128286
2.95495 -1.30384 0.113113
2.97663 -1.23143 0.137867
2.96965 -1.26594 0.117916
3.00335 -1.19193 0.127965
3.1727 -1.05399 0.0773571
2.99018 -1.22649 0.132589
3.05199 -1.1488 0.110199
3.22275 -1.05429 0.100962
3.00651 -1.20096 0.122591
3.04711 -1.15608 0.122208
3.1019 -1.10707 0.149998
3.23601 -1.06007 0.121676
3.36903 -1.0538 0.106755
3.05296 -1.15301 0.108211
3.1017 -1.12063 0.120272
3.40149 -1.00195 0.0805008
3.1536 -1.09861 0.112679
3.211 -1.08798 0.114328
3.25802 -1.07653 0.117715
3.35547 -0.99652 0.12683
3.41076 -0.955167 0.110716
3.82603 -0.671535 0.125215
3.80247 -0.490282 0.128998
3.83967 -1.78796 -0.0305033
3.81481 -1.76224 -0.0264372
3.82058 -1.75452 -0.0703553
3.7792 -1.75631 -0.11374
3.80075 -1.72605 -0.115533
2.93366 -1.37738 0.165791
2.95094 -1.26253 0.149511
2.96077 -1.28934 0.17345
2.96945 -1.23965 0.151978
2.97726 -1.25629 0.159977
2.99721 -1.20395 0.169014
2.99045 -1.23321 0.160008
3.04935 -1.14469 0.159847
3.0163 -1.19635 0.160544
3.10191 -1.10535 0.175136
3.05855 -1.1537 0.161501
3.11102 -1.11389 0.163431
3.16705 -1.09059 0.155688
3.2087 -1.07339 0.171616
3.34758 -0.987359 0.192536
3.87181 -0.818519 0.208456
3.86748 -0.775759 0.15283
3.87899 -0.771487 0.182501
3.89055 -0.773389 0.21027
3.85853 -0.72255 0.16777
3.89303 -0.751999 0.21275
3.86227 -0.66314 0.17687
3.86234 -0.629147 0.183321
3.84032 -0.582094 0.158482
3.84943 -0.581728 0.196393
3.859 -0.570867 0.20767
3.82511 -0.547516 0.168096
3.85863 -0.534233 0.200535
3.779 -1.844 -0.068229
3.80856 -1.83113 0.0787835
3.82358 -1.82158 0.00551446
3.81055 -1.81567 0.0520441
3.77372 -1.77567 -0.0774606
3.73539 -1.77497 -0.0973171
3.04508 -1.14506 0.213962
3.07195 -1.12926 0.222919
3.09989 -1.10087 0.216108
3.06121 -1.15526 0.205988
3.20998 -1.06891 0.203375
3.25258 -1.05323 0.215958
3.31353 -1.01966 0.220527
3.89106 -0.786004 0.220885
3.90375 -0.739747 0.240114
3.90009 -0.675427 0.236691
3.88821 -0.638656 0.215926
3.8741 -0.579749 0.217114
3.88866 -0.544453 0.23329
3.33232 -1.00116 0.258379
3.92111 -0.708937 0.265022
3.91006 -0.691881 0.288652
3.90348 -0.637609 0.239501
3.87694 -0.841762 0.309132
3.89958 -0.824729 0.347235
3.9095 -0.801814 0.247885
3.91968 -0.777248 0.319753
3.92651 -0.720536 0.349072
3.85561 -0.865847 0.373218
3.88641 -0.850217 0.378139
3.88884 -0.846602 0.381925
3.93502 -0.805578 0.400388
3.93358 -0.762775 0.349391
3.93834 -0.720445 0.382074
