4.56401 -0.53673 -0.454008
4.54153 -0.478555 -0.458726
4.47945 -0.274669 -0.487619
4.49374 -0.26377 -0.452735
4.47194 -0.245416 -0.481943
4.40857 -0.178894 -0.502622
4.44035 -0.18385 -0.474378
4.56084 -0.529531 -0.422458
4.55068 -0.499625 -0.418078
4.53152 -0.403074 -0.407379
4.51602 -0.279731 -0.410499
4.50366 -0.24845 -0.42472
4.46579 -0.187397 -0.448272
4.55737 -0.51601 -0.386462
4.53952 -0.433454 -0.380163
4.53136 -0.311451 -0.36749
4.53059 -0.280134 -0.363993
4.51731 -0.251091 -0.398875
4.52088 -0.220892 -0.376058
4.57161 -0.555935 -0.35817
4.5649 -0.527584 -0.337837
4.55701 -0.498833 -0.335495
4.54663 -0.407855 -0.312046
4.54265 -0.3759 -0.325631
4.54565 -0.342137 -0.303817
4.54431 -0.314218 -0.320784
4.54388 -0.225123 -0.332662
4.5635 -0.518872 -0.250803
4.57484 -0.190447 -0.26262
4.58484 -0.60262 -0.224282
4.57765 -0.564118 -0.257427
4.56765 -0.520007 -0.217779
4.56319 -0.473872 -0.216469
4.56163 -0.377569 -0.209758
4.57073 -0.294781 -0.210884
4.58794 -0.178165 -0.241726
4.57192 -0.56684 -0.186521
4.57245 -0.537794 -0.16909
4.56881 -0.352628 -0.178558
4.58005 -0.285493 -0.173186
4.58224 -0.240076 -0.211522
4.59298 -0.231141 -0.17443
4.60593 -0.196333 -0.170581
4.59431 -0.195574 -0.211216
4.62298 -0.148822 -0.177562
4.57412 -0.524482 -0.118765
4.57484 -0.482767 -0.119541
4.57169 -0.433773 -0.133681
4.58574 -0.331826 -0.11538
4.59293 -0.27878 -0.128249
4.6031 -0.2584 -0.109131
4.617 -0.216635 -0.110428
4.61953 -0.179911 -0.146241
4.63189 -0.176309 -0.111196
4.64439 -0.148134 -0.120804
4.63984 -0.136989 -0.147128
4.57637 -0.452119 -0.0843793
4.58045 -0.415107 -0.0652687
4.5844 -0.373444 -0.0823678
4.58521 -0.383552 -0.0482793
4.60426 -0.281691 -0.0807358
4.63391 -0.207778 -0.0647778
4.64779 -0.178541 -0.0648787
4.67315 -0.141984 -0.0466029
4.66862 -0.129392 -0.0869053
4.69777 -0.0918944 -0.0836455
4.58377 -0.569284 -0.0216282
4.58341 -0.415852 -0.0165123
4.59187 -0.367331 -0.0181889
4.58782 -0.384053 -0.0161639
4.59968 -0.337411 -0.0191439
4.62814 -0.248677 -0.0194323
4.70306 -0.114196 -0.0164858
4.69649 -0.120972 -0.0275601
4.69714 -0.105837 -0.0570989
4.58683 -0.424556 0.0153284
4.59579 -0.370295 0.0145312
4.59496 -0.385784 0.0335039
4.62146 -0.279858 0.0136558
4.63288 -0.25071 0.0131356
4.65534 -0.213376 0.0471442
4.69518 -0.14499 0.0462567
4.71552 -0.115554 0.0312232
4.73408 -0.088715 0.00346335
4.75762 -0.076954 0.0389282
4.58863 -0.560046 0.0804131
4.58389 -0.52284 0.0469985
4.58749 -0.483448 0.081254
4.59014 -0.437197 0.069749
4.61364 -0.334051 0.0808593
4.63634 -0.263793 0.0816238
4.6704 -0.197402 0.0760069
4.70323 -0.145302 0.0782743
4.59069 -0.576688 0.113132
4.58692 -0.533646 0.130198
4.58901 -0.484444 0.14745
4.59503 -0.428149 0.130115
4.616 -0.335089 0.129802
4.63559 -0.274471 0.11278
4.66077 -0.226036 0.122476
4.66059 -0.223617 0.103733
4.68321 -0.183903 0.105057
4.58418 -0.582886 0.182932
4.58422 -0.533301 0.180262
4.5894 -0.468272 0.1803
4.60154 -0.401555 0.180249
4.60894 -0.366486 0.179011
4.61961 -0.327953 0.177996
4.6479 -0.261392 0.177371
4.57864 -0.51607 0.245304
4.58626 -0.475552 0.213192
4.60238 -0.389755 0.211905
4.59781 -0.403281 0.206777
4.60078 -0.397571 0.24487
4.62149 -0.337862 0.229682
4.63593 -0.300828 0.202818
4.57647 -0.490067 0.278929
4.58466 -0.448666 0.278207
4.59167 -0.418108 0.278361
4.56025 -0.47758 0.32561
4.57903 -0.38626 0.34186
4.55464 -0.402733 0.371809
-0.614834 0.23411 -0.264357
-0.39658 -0.043686 -0.201585
-0.613525 0.229906 -0.23237
-0.396377 -0.0559622 -0.193081
-0.409357 -0.0383212 -0.179915
-0.428328 -0.00594799 -0.168544
-0.458642 0.0532514 -0.168652
-0.519601 0.13993 -0.172542
-0.575905 0.196749 -0.179473
-0.448258 -0.00886207 -0.12285
-0.527311 0.12336 -0.126438
-0.63461 0.213317 -0.0982022
-0.553094 0.156107 -0.13357
-0.640849 0.220992 -0.107813
-0.574606 0.182958 -0.147506
-0.423804 -0.150227 -0.0583245
-0.427422 -0.138132 -0.0580114
-0.479459 0.00258409 -0.0624838
-0.499434 0.0438484 -0.0671614
-0.545151 0.125401 -0.0912137
-0.637812 0.206172 -0.0704084
-0.559631 0.147741 -0.102313
-0.649835 0.215041 -0.0697494
-0.614486 0.19101 -0.0808052
-0.431605 -0.160768 -0.0241417
-0.433052 -0.13977 -0.0396903
-0.480718 -0.0335916 -0.0156033
-0.515679 0.033031 -0.0121954
-0.537892 0.0667152 -0.00814388
-0.555789 0.0917394 -0.006606
-0.605366 0.162905 -0.0329936
-0.620607 0.186615 -0.055963
-0.443441 -0.167563 0.0202549
-0.452746 -0.141773 0.0242418
-0.476752 -0.0791 0.0305735
-0.490677 -0.0370561 0.0172012
-0.524699 0.024165 0.0248519
-0.547011 0.0719631 0.00588656
-0.562077 0.0985595 -0.00358157
-0.64621 0.189144 -0.00512046
-0.448357 -0.167423 0.0612272
-0.456469 -0.149852 0.0659502
-0.48512 -0.0887072 0.0737646
-0.507475 -0.0338077 0.0639695
-0.556002 0.039704 0.0860452
-0.536143 0.0139674 0.0737607
-0.558839 0.0529339 0.0699892
-0.596978 0.10002 0.0807839
-0.45433 -0.161627 0.122729
-0.45742 -0.154516 0.109937
-0.490265 -0.0927652 0.128349
-0.527406 -0.0318834 0.127861
-0.566819 0.0326944 0.131264
-0.587981 0.0636589 0.130802
-0.62421 0.11596 0.1166
-0.490267 -0.0958785 0.156449
-0.532302 -0.0337552 0.162047
-0.574554 0.0286283 0.163626
.32339 -0.362964
4.65143 -2.30292 -0.364245
2.96139 -2.27438 -0.368839
4.81216 -2.26173 -0.364174
2.85422 -2.20146 -0.34085
4.71618 -2.21998 -0.36994
3.04102 -2.18851 -0.398101
4.68064 -2.18747 -0.361011
2.77752 -2.12528 -0.32983
4.77346 -2.11203 -0.374292
2.79549 -2.05689 -0.332942
4.72291 -2.06836 -0.375552
2.81227 -2.04715 -0.335214
4.73853 -2.03364 -0.378588
4.68594 -1.9796 -0.38485
4.1853 -1.87486 -0.241381
4.70916 -1.92741 -0.392509
3.95946 -1.90363 -0.306129
4.7272 -1.90253 -0.391569
3.95413 -1.82126 -0.307912
3.94827 -1.76173 -0.277524
3.9479 -1.73524 -0.291564
3.93008 -1.71042 -0.264111
3.96357 -1.64191 -0.336962
3.97873 -1.5678 -0.345729
3.98135 -1.52863 -0.305345
3.99461 -1.45481 -0.35146
2.88602 -1.39082 -0.323637
3.99738 -1.4143 -0.328979
2.96785 -1.39757 -0.330053
4.00342 -1.38715 -0.352756
3.9982 -1.30507 -0.344338
3.27536 -1.255 -0.369206
3.94599 -1.28274 -0.277242
3.48931 -1.27303 -0.252311
3.87517 -1.15479 -0.312753
3.15709 -1.01151 -0.24288
4.16229 -0.947394 -0.418719
3.79934 -0.234392 -0.327048
3.74576 -2.81453 -0.38435
2.79423 -2.78111 -0.275375
3.77552 -2.7635 -0.387421
3.78818 -2.74488 -0.38689
2.69131 -2.68332 -0.291751
3.87621 -2.35581 -0.305745
4.58397 -2.35991 -0.365391
3.9597 -2.31594 -0.255888
4.62243 -2.32648 -0.36619
4.60563 -2.23247 -0.343457
4.69146 -2.16471 -0.362996
4.71071 -2.13528 -0.369577
4.51877 -2.0748 -0.295518
4.46437 -2.03026 -0.29103
4.46508 -1.97937 -0.331317
2.46897 -1.93107 -0.304624
4.79812 -1.94053 -0.364656
4.06033 -1.85919 -0.290783
2.43372 -1.80355 -0.296167
3.97 -1.83828 -0.275045
2.67329 -1.77061 -0.284998
3.94717 -1.76578 -0.238747
3.93309 -1.71202 -0.22323
3.93716 -1.67337 -0.215307
2.76939 -1.68607 -0.285269
3.95922 -1.62923 -0.293626
3.96769 -1.52033 -0.270769
2.90532 -1.41835 -0.24687
3.9724 -1.46657 -0.288774
2.90435 -1.4135 -0.282476
3.98461 -1.40951 -0.295668
2.97578 -1.38716 -0.284538
3.98007 -1.38565 -0.287519
3.00055 -1.35828 -0.268367
3.95237 -1.33561 -0.256745
3.2662 -1.22766 -0.363019
3.93685 -1.29494 -0.251497
3.473 -1.22693 -0.260295
3.49166 -1.20458 -0.243928
3.15626 -0.970459 -0.217698
3.81532 -0.237591 -0.275838
4.61375 -2.26361 -0.34974
4.65844 -2.20276 -0.356588
4.5748 -2.19938 -0.328393
4.37861 -2.11954 -0.174502
4.38444 -2.07368 -0.190392
4.32747 -1.99944 -0.210856
4.15511 -1.92503 -0.220551
4.16657 -1.89867 -0.22304
4.05055 -1.88733 -0.232176
3.93648 -1.75071 -0.219646
2.67066 -1.68931 -0.289102
3.94004 -1.65521 -0.213343
3.95651 -1.60853 -0.244446
3.95743 -1.58843 -0.222131
3.95617 -1.5421 -0.243325
3.9667 -1.47939 -0.281378
2.91132 -1.43562 -0.215447
3.96361 -1.43069 -0.230993
2.92936 -1.41537 -0.211944
3.96353 -1.36444 -0.240446
3.9103 -1.31642 -0.187025
3.02157 -1.25015 -0.211412
3.14233 -0.954657 -0.186314
3.82966 -0.240095 -0.224878
4.31744 -2.29631 -0.22363
4.26123 -2.27707 -0.194133
4.36244 -2.19681 -0.166959
4.36851 -2.17141 -0.167548
4.37862 -2.12274 -0.174166
4.37984 -2.08546 -0.196119
4.3811 -2.05589 -0.212377
4.13999 -1.9824 -0.208184
4.12873 -1.9126 -0.170196
3.95196 -1.54057 -0.229578
2.90881 -1.45088 -0.182886
3.95327 -1.46715 -0.185306
3.9457 -1.43036 -0.176022
3.94816 -1.38655 -0.182502
3.90842 -1.33339 -0.159316
3.60292 -1.02281 -0.133794
3.08538 -0.980347 -0.166416
3.75295 -1.01469 -0.278429
3.27256 -0.961938 -0.147216
3.74157 -0.967954 -0.27964
3.16494 -0.934241 -0.158692
3.80833 -0.274392 -0.175221
4.27544 -2.26331 -0.196123
4.35321 -2.22097 -0.169429
4.36245 -2.19042 -0.168354
4.37497 -2.12756 -0.174592
4.37804 -2.0944 -0.188771
4.38078 -2.06968 -0.205129
4.1829 -1.97326 -0.195967
4.17461 -1.90169 -0.152886
3.93751 -1.57765 -0.137935
2.93037 -1.46203 -0.11443
3.94334 -1.50844 -0.137063
2.92434 -1.45748 -0.124358
3.94407 -1.48456 -0.155521
3.94362 -1.42983 -0.142201
3.94071 -1.38575 -0.160195
3.22672 -1.05159 -0.261589
3.515 -1.02287 -0.142751
3.10997 -1.08009 -0.119681
3.71407 -1.09601 -0.188376
3.07318 -0.975492 -0.121922
3.7237 -1.05419 -0.236227
3.17263 -0.915137 -0.121381
3.85976 -0.259244 -0.100037
3.37141 -2.79394 -0.053424
4.34823 -2.23002 -0.171974
4.36078 -2.19238 -0.16654
4.20496 -1.94731 -0.104944
3.53815 -1.92176 -0.0653117
4.14379 -1.90919 -0.0911071
3.9059 -1.60905 -0.0667689
2.93465 -1.49847 -0.0493816
3.9282 -1.57202 -0.082216
2.93284 -1.49309 -0.0619379
3.91897 -1.51903 -0.0617384
2.93148 -1.48749 -0.0670339
3.924 -1.47254 -0.085727
3.93773 -1.42754 -0.0866284
3.9086 -1.38037 -0.0552235
3.51397 -1.01995 -0.06728
3.69328 -1.10256 -0.15641
3.13193 -0.9283 -0.0766389
3.83462 -0.286031 -0.0788854
4.24735 -1.9145 -0.170074
4.12442 -1.88413 -0.0590312
3.89964 -1.60484 -0.0182538
2.96428 -1.56828 -0.021052
3.90337 -1.58765 -0.0407817
2.94725 -1.51629 -0.015767
3.91105 -1.52608 -0.0283566
2.94252 -1.44066 -0.000559652
3.91799 -1.49326 -0.0807736
2.9399 -1.42346 -0.0250526
3.92964 -1.43936 -0.0430724
2.94214 -1.38419 -0.0126163
3.88641 -1.36881 -0.0143105
3.597 -1.0757 -0.0787684
3.83725 -0.302914 -0.0406722
3.8572 -1.64381 0.0515951
2.97185 -1.57355 0.0152671
3.88998 -1.55137 0.0137823
2.95828 -1.532 0.0321588
3.89075 -1.52042 0.00900384
2.94044 -1.48647 0.00179041
3.90337 -1.48686 -0.0255641
2.94483 -1.43155 0.0220327
3.91109 -1.44245 0.00178616
2.93737 -1.37747 0.0197733
3.89274 -1.39796 0.011751
3.58077 -0.999372 0.023214
3.13032 -1.09815 0.0126201
3.59542 -1.07914 -0.0541367
3.89649 -0.256547 0.00196746
3.83449 -1.66924 0.0802904
2.9917 -1.60912 0.087377
3.84847 -1.63922 0.0709596
2.97889 -1.57724 0.0638278
3.86363 -1.57316 0.0726482
2.96497 -1.52535 0.0817378
3.85528 -1.54811 0.0861489
2.9475 -1.47096 0.0702694
3.87828 -1.4604 0.0758177
2.94016 -1.42355 0.0670649
3.86805 -1.43108 0.0639043
3.53863 -1.0153 0.0660536
3.68308 -0.970695 0.0274825
3.30635 -0.968934 0.0974648
3.78651 -0.485937 0.0769976
3.78555 -1.67339 0.0899988
3.80379 -0.493684 0.125631
