4.37726 -4.08269 -0.451191
4.87483 -4.05039 -0.496488
4.4085 -4.03157 -0.443791
4.56236 -4.01616 -0.439389
4.81463 -4.02665 -0.476615
4.92827 -4.01344 -0.500948
4.46409 -3.98521 -0.434512
4.61382 -3.96224 -0.434877
4.8202 -3.9898 -0.467748
4.94266 -3.97021 -0.496181
4.37377 -3.91974 -0.432176
4.50824 -3.90785 -0.424436
4.58505 -3.93977 -0.429856
4.66092 -3.92473 -0.430938
4.96757 -3.92145 -0.490952
4.34426 -3.85918 -0.428958
4.41398 -3.86961 -0.423829
4.51385 -3.88076 -0.420177
4.59164 -3.89671 -0.423408
4.78413 -3.855 -0.432901
4.87182 -3.85689 -0.447785
4.29807 -3.84357 -0.433266
4.43585 -3.813 -0.419542
4.58325 -3.8307 -0.414131
4.86193 -3.80311 -0.436852
4.91357 -3.82392 -0.448686
4.37104 -3.77388 -0.425397
4.45256 -3.77468 -0.417766
4.67527 -3.77996 -0.409732
4.77405 -3.76806 -0.41658
5.02539 -3.75299 -0.465919
4.26733 -3.74018 -0.432424
4.40362 -3.72315 -0.423082
4.60115 -3.71617 -0.405429
4.6952 -3.70448 -0.404161
4.76487 -3.72508 -0.409801
4.82612 -3.73144 -0.417894
4.22408 -3.66854 -0.431244
4.32684 -3.69487 -0.426802
4.41438 -3.67806 -0.422162
4.51737 -3.67978 -0.412063
4.65969 -3.68444 -0.403893
4.75184 -3.66847 -0.403979
4.92129 -3.67141 -0.427445
4.1589 -3.6014 -0.431969
4.29062 -3.62162 -0.431127
4.34437 -3.62409 -0.427351
4.42675 -3.62189 -0.421234
4.52788 -3.62484 -0.412466
4.6693 -3.63801 -0.402057
4.78748 -3.63646 -0.405599
4.85356 -3.64099 -0.413769
4.16662 -3.55636 -0.430894
4.3593 -3.58885 -0.426246
4.4234 -3.58028 -0.424112
4.6065 -3.55862 -0.40962
4.7064 -3.5713 -0.402408
4.23905 -3.52936 -0.433917
4.30579 -3.51338 -0.433247
4.35747 -3.52661 -0.429366
4.50401 -3.54225 -0.417796
4.57157 -3.53184 -0.413898
4.62604 -3.5004 -0.411718
4.72516 -3.54636 -0.404168
4.85771 -3.51589 -0.416077
4.97109 -3.54414 -0.445299
4.2152 -3.46141 -0.436947
4.32499 -3.4754 -0.43335
4.38671 -3.47806 -0.430288
4.50972 -3.47785 -0.423042
4.68386 -3.44944 -0.413866
4.77107 -3.47928 -0.410834
4.08867 -3.41466 -0.414883
4.19333 -3.42556 -0.437268
4.32059 -3.4284 -0.437766
4.42507 -3.41931 -0.435665
4.50053 -3.40073 -0.431414
4.70217 -3.41337 -0.418566
4.81009 -3.40484 -0.426879
4.21631 -3.39096 -0.440997
4.47018 -3.38498 -0.437228
4.59107 -3.35358 -0.434467
4.7319 -3.37791 -0.427327
4.05273 -3.32821 -0.397431
4.13606 -3.32263 -0.4273
4.29582 -3.3403 -0.447492
4.566 -3.34201 -0.436955
4.76968 -3.30619 -0.459244
4.07226 -3.29705 -0.40375
4.15854 -3.27324 -0.434121
4.21712 -3.27536 -0.446955
4.31169 -3.26191 -0.460912
4.39899 -3.29801 -0.456527
4.33452 -3.22704 -0.471435
4.08768 -3.19951 -0.41095
4.46785 -4.10265 -0.443748
4.55532 -3.99963 -0.437156
4.42337 -3.97584 -0.435323
4.5188 -3.91576 -0.425813
4.81255 -3.89909 -0.446628
4.41059 -3.87247 -0.425533
4.66938 -3.88216 -0.425014
4.38293 -3.82907 -0.424394
4.46969 -3.80676 -0.418809
4.53909 -3.83531 -0.415687
4.60214 -3.8114 -0.412374
4.90951 -3.82915 -0.448587
4.4131 -3.77924 -0.421967
4.4817 -3.77288 -0.415733
4.61 -3.7751 -0.408571
4.71947 -3.76819 -0.410831
4.78438 -3.77948 -0.419807
4.83581 -3.76774 -0.426743
4.24513 -3.70884 -0.431792
4.30482 -3.73683 -0.429775
4.3733 -3.72169 -0.424468
4.56426 -3.73864 -0.408405
4.66356 -3.71382 -0.405015
4.77258 -3.74446 -0.413583
4.87252 -3.71505 -0.424332
4.32178 -3.69937 -0.428473
4.42954 -3.67268 -0.420913
4.60258 -3.6794 -0.404421
4.67415 -3.68767 -0.403766
4.18021 -3.60332 -0.432572
4.30196 -3.64844 -0.430213
4.45757 -3.6162 -0.419405
4.52226 -3.63234 -0.413219
4.62603 -3.62068 -0.402858
4.67953 -3.62664 -0.401631
4.81239 -3.62147 -0.408306
4.33376 -3.57305 -0.429545
4.41586 -3.58314 -0.424718
4.55915 -3.56929 -0.412564
4.70371 -3.57342 -0.402272
4.83208 -3.55979 -0.409539
4.94415 -3.58788 -0.42985
4.26194 -3.54523 -0.435076
4.32129 -3.52236 -0.432606
4.43224 -3.51727 -0.42671
4.50805 -3.52761 -0.419479
4.59739 -3.53163 -0.412253
4.72664 -3.53127 -0.405701
4.10628 -3.4867 -0.421001
4.27903 -3.49838 -0.435695
4.37133 -3.49473 -0.431839
4.42526 -3.4746 -0.430375
4.51652 -3.46794 -0.424068
4.56753 -3.47637 -0.419127
4.74871 -3.4895 -0.408558
4.03771 -3.42136 -0.395658
4.40582 -3.41214 -0.438261
4.5389 -3.43372 -0.425338
4.70532 -3.4084 -0.419341
4.41304 -3.38134 -0.441823
4.46803 -3.36508 -0.441966
4.56139 -3.39967 -0.429655
4.61495 -3.38532 -0.429251
4.68009 -3.40065 -0.421605
4.06231 -3.31077 -0.401206
4.15506 -3.30329 -0.433684
4.31115 -3.35011 -0.447746
4.2583 -3.25265 -0.454773
4.11225 -3.21604 -0.418762
4.38522 -4.05371 -0.445511
4.51238 -3.95215 -0.43115
4.44069 -3.92823 -0.427931
4.75241 -3.90823 -0.441135
4.37608 -3.8644 -0.426724
4.45607 -3.89395 -0.423926
4.47667 -3.82147 -0.419504
4.5368 -3.81301 -0.413961
4.7077 -3.80189 -0.414429
4.55093 -3.77437 -0.410919
4.65887 -3.76945 -0.408587
4.81907 -3.78476 -0.42688
4.2984 -3.73584 -0.430595
4.38103 -3.7308 -0.425575
4.4506 -3.73047 -0.418952
4.56558 -3.73585 -0.408235
4.66425 -3.71434 -0.405062
4.75487 -3.733 -0.410505
4.94324 -3.71554 -0.437189
4.4021 -3.6747 -0.423206
4.45748 -3.65576 -0.418358
4.58011 -3.69704 -0.407086
4.67189 -3.67613 -0.403806
4.79315 -3.65868 -0.40813
4.89425 -3.6731 -0.423815
4.19976 -3.64536 -0.43292
4.46528 -3.61618 -0.418828
4.5649 -3.6293 -0.409863
4.66399 -3.61183 -0.401963
4.91569 -3.63076 -0.424147
4.58622 -3.57677 -0.409686
4.68714 -3.5767 -0.402471
4.65659 -3.51825 -0.409784
4.84481 -3.5007 -0.415559
4.03895 -3.46626 -0.403596
4.13279 -3.47831 -0.428119
4.57637 -3.47456 -0.418699
4.64889 -3.47903 -0.413676
4.60493 -3.42087 -0.424763
4.71393 -3.40806 -0.419573
4.79925 -3.43329 -0.419995
4.07871 -3.37857 -0.412117
4.62368 -3.38553 -0.429512
4.01114 -3.30069 -0.377366
4.17537 -3.33517 -0.438371
4.02871 -3.27093 -0.385658
4.12595 -3.22438 -0.422829
4.5237 -3.94939 -0.431246
4.65586 -3.90479 -0.429384
4.48146 -3.83922 -0.420385
4.73566 -3.7604 -0.411275
4.32945 -3.74127 -0.42909
4.43583 -3.73044 -0.421803
4.75527 -3.72237 -0.409305
4.86583 -3.71003 -0.424379
4.46988 -3.65647 -0.417892
4.58028 -3.6497 -0.407757
4.48714 -3.6184 -0.417228
4.59865 -3.61195 -0.406538
4.70956 -3.61648 -0.401813
4.82049 -3.60564 -0.40941
4.50429 -3.5808 -0.416408
4.63765 -3.55429 -0.407599
4.7289 -3.58011 -0.403111
4.84037 -3.56678 -0.410665
4.14608 -3.50498 -0.43139
4.52201 -3.54302 -0.417222
4.85859 -3.53229 -0.415367
4.6845 -3.4798 -0.411664
4.61338 -3.42026 -0.424974
4.71247 -3.42744 -0.417447
4.11371 -3.38368 -0.424414
4.20015 -3.36682 -0.445539
4.62196 -3.3871 -0.430602
4.06105 -3.292 -0.399982
3.99519 -3.23289 -0.366064
4.54653 -3.72678 -0.410725
8 -0.369577
4.51877 -2.0748 -0.295518
4.46437 -2.03026 -0.29103
4.46508 -1.97937 -0.331317
2.46897 -1.93107 -0.304624
4.79812 -1.94053 -0.364656
4.06033 -1.85919 -0.290783
2.43372 -1.80355 -0.296167
3.97 -1.83828 -0.275045
2.67329 -1.77061 -0.284998
3.94717 -1.76578 -0.238747
3.93309 -1.71202 -0.22323
3.93716 -1.67337 -0.215307
2.76939 -1.68607 -0.285269
3.95922 -1.62923 -0.293626
3.96769 -1.52033 -0.270769
2.90532 -1.41835 -0.24687
3.9724 -1.46657 -0.288774
2.90435 -1.4135 -0.282476
3.98461 -1.40951 -0.295668
2.97578 -1.38716 -0.284538
3.98007 -1.38565 -0.287519
3.00055 -1.35828 -0.268367
3.95237 -1.33561 -0.256745
3.2662 -1.22766 -0.363019
3.93685 -1.29494 -0.251497
3.473 -1.22693 -0.260295
3.49166 -1.20458 -0.243928
3.15626 -0.970459 -0.217698
3.81532 -0.237591 -0.275838
4.61375 -2.26361 -0.34974
4.65844 -2.20276 -0.356588
4.5748 -2.19938 -0.328393
4.37861 -2.11954 -0.174502
4.38444 -2.07368 -0.190392
4.32747 -1.99944 -0.210856
4.15511 -1.92503 -0.220551
4.16657 -1.89867 -0.22304
4.05055 -1.88733 -0.232176
3.93648 -1.75071 -0.219646
2.67066 -1.68931 -0.289102
3.94004 -1.65521 -0.213343
3.95651 -1.60853 -0.244446
3.95743 -1.58843 -0.222131
3.95617 -1.5421 -0.243325
3.9667 -1.47939 -0.281378
2.91132 -1.43562 -0.215447
3.96361 -1.43069 -0.230993
2.92936 -1.41537 -0.211944
3.96353 -1.36444 -0.240446
3.9103 -1.31642 -0.187025
3.02157 -1.25015 -0.211412
3.14233 -0.954657 -0.186314
3.82966 -0.240095 -0.224878
4.31744 -2.29631 -0.22363
4.26123 -2.27707 -0.194133
4.36244 -2.19681 -0.166959
4.36851 -2.17141 -0.167548
4.37862 -2.12274 -0.174166
4.37984 -2.08546 -0.196119
4.3811 -2.05589 -0.212377
4.13999 -1.9824 -0.208184
4.12873 -1.9126 -0.170196
3.95196 -1.54057 -0.229578
2.90881 -1.45088 -0.182886
3.95327 -1.46715 -0.185306
3.9457 -1.43036 -0.176022
3.94816 -1.38655 -0.182502
3.90842 -1.33339 -0.159316
3.60292 -1.02281 -0.133794
3.08538 -0.980347 -0.166416
3.75295 -1.01469 -0.278429
3.27256 -0.961938 -0.147216
3.74157 -0.967954 -0.27964
3.16494 -0.934241 -0.158692
3.80833 -0.274392 -0.175221
4.27544 -2.26331 -0.196123
4.35321 -2.22097 -0.169429
4.36245 -2.19042 -0.168354
4.37497 -2.12756 -0.174592
4.37804 -2.0944 -0.188771
4.38078 -2.06968 -0.205129
4.1829 -1.97326 -0.195967
4.17461 -1.90169 -0.152886
3.93751 -1.57765 -0.137935
2.93037 -1.46203 -0.11443
3.94334 -1.50844 -0.137063
2.92434 -1.45748 -0.124358
3.94407 -1.48456 -0.155521
3.94362 -1.42983 -0.142201
3.94071 -1.38575 -0.160195
3.22672 -1.05159 -0.261589
3.515 -1.02287 -0.142751
3.10997 -1.08009 -0.119681
3.71407 -1.09601 -0.188376
3.07318 -0.975492 -0.121922
3.7237 -1.05419 -0.236227
3.17263 -0.915137 -0.121381
3.85976 -0.259244 -0.100037
3.37141 -2.79394 -0.053424
4.34823 -2.23002 -0.171974
4.36078 -2.19238 -0.16654
4.20496 -1.94731 -0.104944
3.53815 -1.92176 -0.0653117
4.14379 -1.90919 -0.0911071
3.9059 -1.60905 -0.0667689
2.93465 -1.49847 -0.0493816
3.9282 -1.57202 -0.082216
2.93284 -1.49309 -0.0619379
3.91897 -1.51903 -0.0617384
2.93148 -1.48749 -0.0670339
3.924 -1.47254 -0.085727
3.93773 -1.42754 -0.0866284
3.9086 -1.38037 -0.0552235
3.51397 -1.01995 -0.06728
3.69328 -1.10256 -0.15641
3.13193 -0.9283 -0.0766389
3.83462 -0.286031 -0.0788854
4.24735 -1.9145 -0.170074
4.12442 -1.88413 -0.0590312
3.89964 -1.60484 -0.0182538
2.96428 -1.56828 -0.021052
3.90337 -1.58765 -0.0407817
2.94725 -1.51629 -0.015767
3.91105 -1.52608 -0.0283566
2.94252 -1.44066 -0.000559652
3.91799 -1.49326 -0.0807736
2.9399 -1.42346 -0.0250526
3.92964 -1.43936 -0.0430724
2.94214 -1.38419 -0.0126163
3.88641 -1.36881 -0.0143105
3.597 -1.0757 -0.0787684
3.83725 -0.302914 -0.0406722
3.8572 -1.64381 0.0515951
2.97185 -1.57355 0.0152671
3.88998 -1.55137 0.0137823
2.95828 -1.532 0.0321588
3.89075 -1.52042 0.00900384
2.94044 -1.48647 0.00179041
3.90337 -1.48686 -0.0255641
2.94483 -1.43155 0.0220327
3.91109 -1.44245 0.00178616
2.93737 -1.37747 0.0197733
3.89274 -1.39796 0.011751
3.58077 -0.999372 0.023214
3.13032 -1.09815 0.0126201
3.59542 -1.07914 -0.0541367
3.89649 -0.256547 0.00196746
3.83449 -1.66924 0.0802904
2.9917 -1.60912 0.087377
3.84847 -1.63922 0.0709596
2.97889 -1.57724 0.0638278
3.86363 -1.57316 0.0726482
2.96497 -1.52535 0.0817378
3.85528 -1.54811 0.0861489
2.9475 -1.47096 0.0702694
3.87828 -1.4604 0.0758177
2.94016 -1.42355 0.0670649
3.86805 -1.43108 0.0639043
3.53863 -1.0153 0.0660536
3.68308 -0.970695 0.0274825
3.30635 -0.968934 0.0974648
3.78651 -0.485937 0.0769976
3.78555 -1.67339 0.0899988
3.80379 -0.493684 0.125631
