4.02586 -4.37452 -0.472731
4.07436 -4.40247 -0.466273
3.96261 -4.32555 -0.48589
4.0551 -4.353 -0.474324
3.98443 -4.29584 -0.480681
4.07219 -4.28882 -0.470022
3.08924 -4.2063 -0.421934
3.92928 -4.20039 -0.473819
3.97671 -4.21788 -0.458699
4.05112 -4.23706 -0.457845
4.11882 -4.23613 -0.452279
3.0686 -4.19593 -0.414782
3.82704 -4.17255 -0.460697
3.91487 -4.18332 -0.458481
4.14158 -4.23539 -0.451129
3.03787 -4.13485 -0.407632
3.08324 -4.12748 -0.414086
3.74312 -4.16623 -0.444897
3.94087 -4.15776 -0.439439
4.00189 -4.145 -0.417327
4.06237 -4.15455 -0.396277
4.11816 -4.195 -0.412917
2.93585 -4.08866 -0.397383
3.16554 -4.05683 -0.411574
3.3571 -4.04858 -0.372846
3.52963 -4.07706 -0.368604
3.58697 -4.11846 -0.420807
3.7647 -4.12172 -0.416079
3.82129 -4.11925 -0.405725
3.88123 -4.11455 -0.393459
4.14819 -4.16761 -0.368311
3.16027 -4.03544 -0.41092
3.40628 -3.99733 -0.372714
3.54252 -4.05834 -0.3841
3.60311 -4.08803 -0.386427
3.77784 -4.08329 -0.383887
3.98708 -4.09683 -0.339249
4.0704 -4.11626 -0.328936
3.34892 -3.94743 -0.388824
3.44016 -3.97241 -0.364578
3.70915 -4.047 -0.37047
3.76547 -4.03456 -0.345244
3.2471 -3.9272 -0.407892
3.34523 -3.90072 -0.39522
3.72775 -4.02304 -0.345066
3.01751 -3.88378 -0.400945
3.09585 -3.86321 -0.397578
3.18844 -3.8978 -0.406363
3.3589 -3.87327 -0.39503
3.73629 -3.99091 -0.320508
3.90459 -3.97715 -0.27265
3.15511 -3.81634 -0.3978
3.25116 -3.80188 -0.402435
3.39154 -3.80763 -0.397357
3.48059 -3.84778 -0.345805
3.54782 -3.88146 -0.319195
3.05612 -3.78702 -0.393474
3.1193 -3.77573 -0.389998
3.35409 -3.77159 -0.406467
3.79368 -3.91391 -0.251634
3.17912 -3.75873 -0.388335
3.37252 -3.74524 -0.399827
4.13392 -4.28006 -0.465312
3.1196 -4.27468 -0.430986
4.13175 -4.25319 -0.456188
3.92233 -4.17854 -0.470792
4.1243 -4.22035 -0.442997
3.0744 -4.19221 -0.41615
3.81009 -4.15913 -0.457245
4.07249 -4.18941 -0.427535
4.14811 -4.18307 -0.401677
3.05589 -4.12937 -0.411615
3.21465 -4.12994 -0.398775
3.67348 -4.11873 -0.43088
3.83514 -4.13063 -0.433315
3.09022 -4.05531 -0.411656
3.15856 -4.0964 -0.413603
3.46876 -4.08797 -0.387694
3.61621 -4.07206 -0.401148
3.69588 -4.0818 -0.402476
3.79178 -4.07764 -0.383351
3.86779 -4.10289 -0.399868
2.86581 -4.02495 -0.416129
2.96811 -4.0488 -0.402445
3.1109 -4.02424 -0.41028
3.21807 -4.01043 -0.408391
3.42345 -4.0014 -0.37276
3.56597 -4.03834 -0.386859
3.66531 -4.05915 -0.392235
3.79744 -4.07162 -0.371515
4.00076 -4.05415 -0.324724
3.0558 -3.96274 -0.404554
3.16328 -3.96729 -0.410597
3.32072 -3.969 -0.393987
3.4469 -3.99794 -0.370955
3.67831 -4.03484 -0.377623
3.93738 -4.04514 -0.324624
3.22337 -3.91324 -0.410534
3.28306 -3.91543 -0.408374
3.36217 -3.92582 -0.391345
3.45091 -3.95089 -0.371525
3.69155 -3.99453 -0.342251
3.78588 -4.00077 -0.313547
3.0666 -3.8819 -0.399847
3.12728 -3.86357 -0.400137
3.22343 -3.87353 -0.408375
3.31732 -3.87087 -0.407086
3.38063 -3.87217 -0.389946
3.47951 -3.87565 -0.352199
3.16151 -3.81694 -0.399069
3.27149 -3.80775 -0.406129
3.42505 -3.8195 -0.383008
3.49244 -3.85224 -0.342731
3.67014 -3.89601 -0.280354
3.77848 -3.90912 -0.252318
3.92243 -3.95092 -0.254808
3.09789 -3.7871 -0.391449
3.20817 -3.77459 -0.402117
3.36697 -3.79037 -0.402083
3.50485 -3.83398 -0.32745
3.72435 -3.86234 -0.246867
3.7744 -3.85709 -0.228302
3.14648 -3.74941 -0.387912
3.44655 -3.74427 -0.347912
3.69413 -3.8143 -0.244114
3.60125 -3.74598 -0.250627
3.81317 -3.78718 -0.190342
3.67022 -3.72312 -0.232334
4.02588 -4.21448 -0.463582
2.98732 -4.2086 -0.382175
3.07189 -4.22387 -0.416543
4.06796 -4.18328 -0.438375
3.00967 -4.17972 -0.398388
3.88806 -4.12289 -0.431766
4.12142 -4.17269 -0.405732
2.96658 -4.10772 -0.396804
3.11038 -4.1036 -0.415375
3.80363 -4.09099 -0.398552
3.93503 -4.09891 -0.404192
3.03433 -4.05629 -0.408146
3.13258 -4.07568 -0.414013
3.55726 -4.04725 -0.402794
3.62713 -4.06186 -0.403916
3.71354 -4.06756 -0.394607
3.94872 -4.08175 -0.382547
3.15469 -4.0468 -0.414054
3.48786 -4.03488 -0.389387
3.65128 -4.02463 -0.374738
3.73978 -4.02771 -0.355392
3.84277 -4.05818 -0.359248
3.97167 -4.06586 -0.351085
3.02732 -3.96207 -0.40555
3.66414 -3.99867 -0.359036
3.75355 -4.00616 -0.332796
3.2218 -3.9154 -0.413451
3.30846 -3.91172 -0.407817
3.40913 -3.90508 -0.383672
3.46389 -3.94347 -0.370162
3.81589 -3.98979 -0.299733
3.12461 -3.87654 -0.404599
3.26141 -3.87712 -0.413444
3.33089 -3.87556 -0.408719
3.49673 -3.87807 -0.3463
3.55557 -3.88126 -0.322101
3.62456 -3.9272 -0.322996
3.76488 -3.9438 -0.279979
3.9158 -3.92627 -0.246107
3.19806 -3.84363 -0.406861
3.28032 -3.83027 -0.412482
3.41295 -3.79612 -0.374246
3.50231 -3.82304 -0.331045
3.71847 -3.87563 -0.256475
3.84932 -3.90793 -0.238308
3.98601 -3.90332 -0.220371
3.1504 -3.76005 -0.388819
3.2641 -3.7674 -0.408544
3.31586 -3.77159 -0.40878
3.42639 -3.76907 -0.379189
3.67483 -3.81065 -0.253242
3.74091 -3.85146 -0.238365
3.86915 -3.87305 -0.214754
3.18927 -3.73042 -0.397895
3.28303 -3.73574 -0.406555
3.46476 -3.73231 -0.3324
3.90692 -3.83727 -0.182276
3.06008 -3.67458 -0.379337
3.11622 -3.69863 -0.378908
3.79129 -3.73823 -0.167418
2.97901 -4.24245 -0.363511
3.96783 -4.13585 -0.445191
4.19283 -4.17728 -0.392608
2.89062 -4.12414 -0.382631
2.98124 -4.13911 -0.394996
3.69737 -4.04258 -0.391961
3.94793 -4.07841 -0.391845
4.0306 -4.09376 -0.394851
3.72892 -4.04473 -0.378348
3.17759 -4.05579 -0.41193
3.5911 -3.99282 -0.375246
3.66875 -3.99945 -0.357527
3.75849 -3.99338 -0.327376
3.90588 -4.01607 -0.31495
3.16741 -3.95939 -0.411367
3.52865 -3.97363 -0.37086
3.60863 -3.96888 -0.352935
3.6832 -3.9834 -0.342418
3.77267 -3.98475 -0.309374
3.92888 -4.01448 -0.309614
3.23975 -3.92684 -0.414118
3.33633 -3.92441 -0.411092
3.68899 -3.95158 -0.318284
3.99961 -3.96516 -0.277223
3.16014 -3.86797 -0.409146
3.24774 -3.88049 -0.414867
3.57863 -3.87226 -0.310552
3.19086 -3.82706 -0.409461
3.39399 -3.8231 -0.384914
3.73365 -3.84947 -0.242761
3.84577 -3.88819 -0.227163
3.19793 -3.7643 -0.404652
3.79201 -3.8289 -0.21436
3.89671 -3.84537 -0.196321
3.12918 -3.71308 -0.382984
3.81089 -3.80097 -0.198024
3.00487 -3.65071 -0.389659
3.77349 -3.67601 -0.209997
3.89427 -3.68237 -0.135057
3.89348 -3.68497 -0.140193
3.74323 -4.03697 -0.381547
3.80103 -4.05858 -0.386832
3.67991 -3.99546 -0.353893
3.52015 -3.95558 -0.370707
3.57723 -3.97135 -0.367091
3.69086 -3.97132 -0.334395
3.7724 -3.97802 -0.312075
3.88425 -3.98211 -0.292782
3.70108 -3.95125 -0.315827
3.71802 -3.92343 -0.28575
3.16001 -3.90247 -0.4113
3.28516 -3.88614 -0.41446
3.84963 -3.89255 -0.230245
3.26085 -3.84492 -0.416557
3.69462 -3.86194 -0.258908
3.92144 -3.8383 -0.199512
4.00166 -3.87387 -0.219077
3.78475 -3.70029 -0.217127
3.87776 -3.70132 -0.156303
3.80027 -3.67229 -0.204165
3.92988 -3.67313 -0.118857
3.91934 -3.6052 -0.150668
3.60927 -3.96558 -0.355944
3.67418 -3.98572 -0.352765
3.85249 -3.9895 -0.310064
3.92282 -4.00366 -0.319069
3.6151 -3.9427 -0.338561
3.70982 -3.94944 -0.313697
3.78376 -3.96481 -0.296328
3.85805 -3.97443 -0.293686
3.6376 -3.9128 -0.312483
3.73318 -3.91306 -0.276648
3.89146 -3.94112 -0.265164
3.74546 -3.8931 -0.258486
3.82399 -3.88347 -0.229378
3.70885 -3.8055 -0.237338
3.77497 -3.82856 -0.220921
3.86235 -3.81947 -0.191616
3.9605 -3.8271 -0.194481
3.84831 -3.67731 -0.180449
3.94787 -3.65622 -0.122515
3.96552 -3.57571 -0.13697
4.03539 -3.56551 -0.231939
3.60547 -3.95363 -0.355865
3.70066 -3.97863 -0.337297
3.87236 -4.00804 -0.331831
3.57906 -3.90459 -0.328457
3.71587 -3.9567 -0.3157
3.92049 -3.98144 -0.31485
3.58476 -3.89902 -0.327492
3.72463 -3.93462 -0.29758
3.78761 -3.96442 -0.299803
3.95053 -3.96806 -0.303207
4.14487 -3.97309 -0.266635
3.59755 -3.86861 -0.305636
3.75191 -3.90235 -0.264263
3.88904 -3.91365 -0.24725
4.19637 -3.93027 -0.270404
3.78537 -3.90533 -0.251148
3.8347 -3.89513 -0.234061
3.92097 -3.8783 -0.226867
4.12281 -3.90831 -0.21281
3.78084 -3.85467 -0.228732
3.86665 -3.85158 -0.207034
4.078 -3.84595 -0.196893
3.74961 -3.81848 -0.231319
3.79226 -3.8117 -0.208562
3.88257 -3.81141 -0.189339
3.98201 -3.81408 -0.201903
3.82103 -3.7677 -0.190259
3.91597 -3.78326 -0.176663
3.99994 -3.79263 -0.190111
3.86169 -3.7178 -0.176978
3.91648 -3.75089 -0.161754
3.8629 -3.67801 -0.180351
3.94966 -3.71189 -0.143698
3.89178 -3.63447 -0.218079
4.02909 -3.60173 -0.120621
4.05272 -3.64157 -0.0907329
3.98998 -3.57302 -0.155033
3.99536 -3.60145 -0.125853
4.05943 -3.5363 -0.204682
3.65527 -3.92261 -0.307595
3.80354 -3.94857 -0.285301
4.10901 -3.96868 -0.273954
3.67027 -3.91402 -0.3007
3.81665 -3.93401 -0.267528
4.03737 -3.91998 -0.270174
4.13805 -3.93054 -0.292513
3.6752 -3.88585 -0.284808
3.96645 -3.90318 -0.264421
4.11796 -3.89908 -0.306392
3.77656 -3.86941 -0.237149
3.84979 -3.8785 -0.223788
3.90421 -3.8725 -0.239358
4.0119 -3.85544 -0.226969
3.7224 -3.81074 -0.244304
3.79766 -3.83753 -0.217753
3.86665 -3.8392 -0.203903
3.93788 -3.81829 -0.21341
4.03226 -3.82998 -0.211367
3.66625 -3.7694 -0.269974
3.83836 -3.79595 -0.192519
3.89244 -3.79387 -0.183425
4.07131 -3.79929 -0.182332
4.10651 -3.79336 -0.198902
3.95359 -3.73423 -0.173082
4.03538 -3.7758 -0.165283
4.09695 -3.77781 -0.161108
3.76906 -3.71594 -0.249112
3.84132 -3.725 -0.186986
3.89077 -3.71437 -0.165407
4.00585 -3.7029 -0.130101
3.85903 -3.71682 -0.259159
3.86418 -3.68373 -0.213568
3.91416 -3.65741 -0.180369
3.99823 -3.69674 -0.11219
3.9344 -3.62599 -0.17567
3.98904 -3.6122 -0.131339
4.13726 -3.64186 -0.110898
4.03672 -3.59837 -0.14455
4.04399 -3.56576 -0.145336
3.95974 -3.90524 -0.266528
3.83062 -3.86951 -0.224753
3.97606 -3.87878 -0.25082
3.77433 -3.85751 -0.237561
3.85106 -3.8527 -0.215624
3.94531 -3.83109 -0.223624
3.73095 -3.83119 -0.246342
3.85474 -3.76559 -0.186284
3.87108 -3.76014 -0.178309
3.81786 -3.76239 -0.233043
3.84963 -3.74783 -0.186787
3.89024 -3.73934 -0.174775
3.83383 -3.75203 -0.252143
3.94438 -3.70812 -0.156263
3.89376 -3.72833 -0.214803
3.95973 -3.6862 -0.136265
4.0903 -3.65521 -0.109293
3.87123 -3.74237 -0.234201
3.93275 -3.70497 -0.167274
4.01576 -3.62442 -0.126275
4.12247 -3.57695 -0.137221
4.04699 -3.60626 -0.121214
4.13835 -3.5479 -0.153963
3.8457 -3.80729 -0.202097
3.82081 -3.81089 -0.207314
3.87851 -3.7863 -0.197388
3.86683 -3.76695 -0.188094
3.90446 -3.76848 -0.194748
3.76947 -3.77658 -0.276808
3.8772 -3.7334 -0.180212
4.0052 -3.73072 -0.159321
3.91798 -3.73084 -0.170077
4.0378 -3.71794 -0.126475
3.93217 -3.75518 -0.136312
3.95784 -3.6838 -0.14361
3.95167 -3.72455 -0.129552
4.04465 -3.64044 -0.120721
372 0.023214
3.13032 -1.09815 0.0126201
3.59542 -1.07914 -0.0541367
3.89649 -0.256547 0.00196746
3.83449 -1.66924 0.0802904
2.9917 -1.60912 0.087377
3.84847 -1.63922 0.0709596
2.97889 -1.57724 0.0638278
3.86363 -1.57316 0.0726482
2.96497 -1.52535 0.0817378
3.85528 -1.54811 0.0861489
2.9475 -1.47096 0.0702694
3.87828 -1.4604 0.0758177
2.94016 -1.42355 0.0670649
3.86805 -1.43108 0.0639043
3.53863 -1.0153 0.0660536
3.68308 -0.970695 0.0274825
3.30635 -0.968934 0.0974648
3.78651 -0.485937 0.0769976
3.78555 -1.67339 0.0899988
3.80379 -0.493684 0.125631
