1.63968 3.16097 -0.0631959
0.934521 2.71061 -0.000785898
1.68994 3.06763 -0.0162701
1.6673 3.12998 -0.0247613
1.66448 3.13694 -0.0204328
1.61656 3.20317 -0.0286353
0.954394 2.677 0.0240082
0.932332 2.71777 0.0380016
0.901393 2.75145 0.0290153
1.68565 3.09009 0.00559405
1.67752 3.12219 0.0236482
1.65761 3.15822 0.00294789
0.961573 2.66046 0.0766992
0.947044 2.69644 0.0617422
1.69962 3.04302 0.0942761
1.69569 3.0694 0.066611
1.68858 3.11955 0.0924963
1.69351 3.10356 0.100336
1.66289 3.17191 0.0661296
0.960756 2.66926 0.129483
0.932601 2.72312 0.124044
1.70016 3.06644 0.128127
1.69213 3.11949 0.123705
1.68034 3.16485 0.134558
0.964349 2.6616 0.173187
0.932464 2.72458 0.179122
1.70189 3.03065 0.186824
1.69829 3.12809 0.186823
1.68645 3.16715 0.175893
0.962456 2.67356 0.222462
0.947521 2.70617 0.223778
1.69795 2.99694 0.209825
1.70408 3.03123 0.223418
1.70478 3.07001 0.203396
1.70652 3.07814 0.224473
1.7011 3.13292 0.220157
1.70547 3.11051 0.233773
1.69753 3.15051 0.218646
0.952782 2.70495 0.26554
1.69908 2.99378 0.275405
1.70123 3.00227 0.27717
1.70849 3.10718 0.260259
1.70504 3.15752 0.281736
0.957438 2.70604 0.300613
1.70912 3.02015 0.332259
1.71499 3.08368 0.320597
1.71476 3.10055 0.317883
1.71345 3.12862 0.314873
1.71423 3.12753 0.325373
1.70707 3.16971 0.312679
1.69034 3.22547 0.304713
0.984182 2.63438 0.363702
0.923283 2.75052 0.366806
1.7215 3.10645 0.374527
0.955042 2.72445 0.422641
1.70985 2.99216 0.428566
1.728 3.1038 0.450728
1.72554 3.16708 0.446631
0.971148 2.70931 0.478769
1.70079 2.9883 0.467482
1.71718 3.02262 0.472761
1.7366 3.10969 0.487358
1.73159 3.16615 0.474938
0.981288 2.68313 0.548879
0.97958 2.68874 0.532221
1.72799 3.04158 0.534589
1.73268 3.05677 0.510259
1.73904 3.08958 0.509693
1.7446 3.11234 0.525523
0.990982 2.69232 0.590428
0.98474 2.68504 0.566465
1.70515 3.01018 0.563485
1.7302 3.04131 0.599277
1.7488 3.10616 0.578474
0.985745 2.6621 0.649524
1.00164 2.69934 0.620013
1.01286 2.70792 0.646358
1.71551 3.03275 0.630623
1.74575 3.07662 0.625659
1.75035 3.09133 0.623102
1.75172 3.20633 0.634299
0.988203 2.66036 0.68706
1.00726 2.68696 0.678418
1.01905 2.70362 0.673203
1.69244 3.00915 0.67193
1.75462 3.08964 0.672748
1.75824 3.09012 0.689266
1.00071 2.6682 0.721797
1.00026 2.66699 0.729094
1.74419 3.06805 0.737916
1.76239 3.09152 0.72411
1.76702 3.09505 0.733573
0.950714 2.61744 0.791366
0.99328 2.65393 0.772885
1.02872 2.6883 0.765927
1.71731 3.04526 0.802919
1.74732 3.06685 0.779961
1.73352 3.05701 0.778627
1.75857 3.07743 0.756948
0.994673 2.65265 0.834377
1.00594 2.66247 0.810916
1.75356 3.06603 0.834649
1.74533 3.06104 0.827335
1.0009 2.65645 0.883557
1.01433 2.66542 0.870787
1.6909 3.02822 0.857148
1.64962 3.00717 0.892579
1.75268 3.0613 0.881586
1.74818 3.05954 0.874374
0.996346 2.65229 0.93138
1.00767 2.66094 0.935878
1.18051 2.78177 0.934398
1.23134 2.81625 0.937297
1.554 2.9754 0.922394
1.733 3.04906 0.910449
1.632 3.00342 0.929857
1.68188 3.02429 0.943178
1.76029 3.05963 0.928695
1.77397 3.06596 0.917856
1.0209 2.66937 0.980725
1.2094 2.79765 0.977913
1.14808 2.75838 0.956739
1.23582 2.81733 0.973039
1.60192 2.9977 0.983329
1.74947 3.05116 0.969451
1.62116 3.00425 0.972658
1.76893 3.05907 0.962323
1.00697 2.66017 1.00438
1.22948 2.80759 1.03331
1.28432 2.84269 1.04216
1.56648 2.98344 1.03017
1.62968 3.00762 1.01023
1.71252 3.03459 1.0145
1.75975 3.04911 1.03129
1.70588 3.03238 1.02057
1.76438 3.05075 1.02982
0.801419 2.55926 1.09549
0.918557 2.61427 1.09739
1.0056 2.65851 1.07724
0.941932 2.62592 1.09751
1.0143 2.66342 1.08083
1.26735 2.82932 1.08017
1.33592 2.87363 1.0983
1.40385 2.91125 1.09827
1.48139 2.94897 1.06079
1.56603 2.98237 1.0774
1.71959 3.03416 1.06724
1.56511 2.9815 1.09255
1.66005 3.01431 1.08619
1.79642 3.05556 1.06738
1.71378 3.03165 1.08077
1.77898 3.04958 1.07016
0.737377 2.54387 1.14859
0.920752 2.61538 1.13467
1.03369 2.67408 1.12364
1.01411 2.66208 1.13014
1.09953 2.71458 1.11937
1.3173 2.86053 1.11592
1.3738 2.89413 1.12493
1.44681 2.92942 1.15059
1.3838 2.90028 1.10049
1.45988 2.93663 1.13233
1.60426 2.99507 1.12079
1.74342 3.03575 1.13175
1.62237 2.99997 1.14808
1.6916 3.02388 1.12015
1.80048 3.04762 1.13575
1.6923 3.02313 1.12911
1.79126 3.04614 1.1313
0.651566 2.50223 1.19901
0.613652 2.48376 1.16142
0.929375 2.61998 1.17267
0.981035 2.64447 1.19591
1.02115 2.66722 1.17539
1.05152 2.68371 1.15517
1.17854 2.76177 1.1779
1.25596 2.81294 1.19886
1.22739 2.797 1.16835
1.38117 2.89473 1.15677
1.46612 2.93596 1.17264
1.51633 2.95748 1.18029
1.48977 2.94551 1.18225
1.577 2.98115 1.18004
1.62732 2.99893 1.18158
1.7567 3.03388 1.17406
1.63314 3.00137 1.17482
1.7603 3.03426 1.17936
1.69966 3.02367 1.14944
1.77268 3.03807 1.16014
1.82473 3.04706 1.15897
0.775395 2.55849 1.23008
0.925843 2.61724 1.22431
1.01304 2.65903 1.2252
1.04832 2.67927 1.22227
1.27002 2.81778 1.22551
1.56791 2.9756 1.22915
1.69212 3.01652 1.21068
1.76025 3.03186 1.22582
1.62635 2.99589 1.22761
1.67752 3.01226 1.22511
1.72959 3.0245 1.2325
1.80406 3.04051 1.20443
1.76834 3.03347 1.21815
1.81032 3.03887 1.24058
0.931382 2.61775 1.2704
1.03858 2.67082 1.28622
1.01846 2.65986 1.27757
1.1856 2.75748 1.27125
1.27913 2.81838 1.26828
1.33106 2.85121 1.27073
1.57328 2.97308 1.27299
1.627 2.99315 1.28141
1.7612 3.03042 1.25443
1.67894 3.01019 1.26497
1.80331 3.03622 1.26948
1.77258 3.03229 1.25741
0.472463 2.39931 1.31003
0.693046 2.52162 1.30795
0.814529 2.57154 1.30082
0.93139 2.61532 1.32418
1.0217 2.65865 1.31959
1.01827 2.65521 1.3346
1.05977 2.6794 1.31738
1.27662 2.8081 1.33238
1.56361 2.96586 1.3223
1.64759 2.99713 1.31146
1.76134 3.02484 1.32714
1.72652 3.01749 1.32523
1.79695 3.0297 1.3419
1.78711 3.03001 1.31388
0.52268 2.41912 1.38961
0.977619 2.63297 1.36729
1.03997 2.66244 1.37798
0.986491 2.63602 1.38068
1.27686 2.80528 1.36942
1.35983 2.86035 1.37978
1.57223 2.96467 1.37304
1.62684 2.98531 1.36955
1.76943 3.023 1.37253
1.72221 3.01215 1.37444
1.8105 3.02709 1.37796
0.516156 2.41549 1.41379
0.650484 2.49405 1.43879
0.936885 2.60941 1.43072
1.04232 2.65808 1.4297
0.984352 2.63093 1.42443
1.28059 2.80303 1.42302
1.62688 2.98094 1.42031
1.7665 3.0157 1.44336
1.66967 2.99543 1.407
1.81591 3.0224 1.43182
0.575213 2.44576 1.47207
0.688674 2.5147 1.48542
0.870075 2.57998 1.48793
1.04496 2.65354 1.47218
1.02648 2.64644 1.46766
1.41868 2.88507 1.46901
1.4769 2.91434 1.47186
1.53972 2.94118 1.4928
1.63236 2.97859 1.46743
63 -2.23247 -0.343457
4.69146 -2.16471 -0.362996
4.71071 -2.13528 -0.369577
4.51877 -2.0748 -0.295518
4.46437 -2.03026 -0.29103
4.46508 -1.97937 -0.331317
2.46897 -1.93107 -0.304624
4.79812 -1.94053 -0.364656
4.06033 -1.85919 -0.290783
2.43372 -1.80355 -0.296167
3.97 -1.83828 -0.275045
2.67329 -1.77061 -0.284998
3.94717 -1.76578 -0.238747
3.93309 -1.71202 -0.22323
3.93716 -1.67337 -0.215307
2.76939 -1.68607 -0.285269
3.95922 -1.62923 -0.293626
3.96769 -1.52033 -0.270769
2.90532 -1.41835 -0.24687
3.9724 -1.46657 -0.288774
2.90435 -1.4135 -0.282476
3.98461 -1.40951 -0.295668
2.97578 -1.38716 -0.284538
3.98007 -1.38565 -0.287519
3.00055 -1.35828 -0.268367
3.95237 -1.33561 -0.256745
3.2662 -1.22766 -0.363019
3.93685 -1.29494 -0.251497
3.473 -1.22693 -0.260295
3.49166 -1.20458 -0.243928
3.15626 -0.970459 -0.217698
3.81532 -0.237591 -0.275838
4.61375 -2.26361 -0.34974
4.65844 -2.20276 -0.356588
4.5748 -2.19938 -0.328393
4.37861 -2.11954 -0.174502
4.38444 -2.07368 -0.190392
4.32747 -1.99944 -0.210856
4.15511 -1.92503 -0.220551
4.16657 -1.89867 -0.22304
4.05055 -1.88733 -0.232176
3.93648 -1.75071 -0.219646
2.67066 -1.68931 -0.289102
3.94004 -1.65521 -0.213343
3.95651 -1.60853 -0.244446
3.95743 -1.58843 -0.222131
3.95617 -1.5421 -0.243325
3.9667 -1.47939 -0.281378
2.91132 -1.43562 -0.215447
3.96361 -1.43069 -0.230993
2.92936 -1.41537 -0.211944
3.96353 -1.36444 -0.240446
3.9103 -1.31642 -0.187025
3.02157 -1.25015 -0.211412
3.14233 -0.954657 -0.186314
3.82966 -0.240095 -0.224878
4.31744 -2.29631 -0.22363
4.26123 -2.27707 -0.194133
4.36244 -2.19681 -0.166959
4.36851 -2.17141 -0.167548
4.37862 -2.12274 -0.174166
4.37984 -2.08546 -0.196119
4.3811 -2.05589 -0.212377
4.13999 -1.9824 -0.208184
4.12873 -1.9126 -0.170196
3.95196 -1.54057 -0.229578
2.90881 -1.45088 -0.182886
3.95327 -1.46715 -0.185306
3.9457 -1.43036 -0.176022
3.94816 -1.38655 -0.182502
3.90842 -1.33339 -0.159316
3.60292 -1.02281 -0.133794
3.08538 -0.980347 -0.166416
3.75295 -1.01469 -0.278429
3.27256 -0.961938 -0.147216
3.74157 -0.967954 -0.27964
3.16494 -0.934241 -0.158692
3.80833 -0.274392 -0.175221
4.27544 -2.26331 -0.196123
4.35321 -2.22097 -0.169429
4.36245 -2.19042 -0.168354
4.37497 -2.12756 -0.174592
4.37804 -2.0944 -0.188771
4.38078 -2.06968 -0.205129
4.1829 -1.97326 -0.195967
4.17461 -1.90169 -0.152886
3.93751 -1.57765 -0.137935
2.93037 -1.46203 -0.11443
3.94334 -1.50844 -0.137063
2.92434 -1.45748 -0.124358
3.94407 -1.48456 -0.155521
3.94362 -1.42983 -0.142201
3.94071 -1.38575 -0.160195
3.22672 -1.05159 -0.261589
3.515 -1.02287 -0.142751
3.10997 -1.08009 -0.119681
3.71407 -1.09601 -0.188376
3.07318 -0.975492 -0.121922
3.7237 -1.05419 -0.236227
3.17263 -0.915137 -0.121381
3.85976 -0.259244 -0.100037
3.37141 -2.79394 -0.053424
4.34823 -2.23002 -0.171974
4.36078 -2.19238 -0.16654
4.20496 -1.94731 -0.104944
3.53815 -1.92176 -0.0653117
4.14379 -1.90919 -0.0911071
3.9059 -1.60905 -0.0667689
2.93465 -1.49847 -0.0493816
3.9282 -1.57202 -0.082216
2.93284 -1.49309 -0.0619379
3.91897 -1.51903 -0.0617384
2.93148 -1.48749 -0.0670339
3.924 -1.47254 -0.085727
3.93773 -1.42754 -0.0866284
3.9086 -1.38037 -0.0552235
3.51397 -1.01995 -0.06728
3.69328 -1.10256 -0.15641
3.13193 -0.9283 -0.0766389
3.83462 -0.286031 -0.0788854
4.24735 -1.9145 -0.170074
4.12442 -1.88413 -0.0590312
3.89964 -1.60484 -0.0182538
2.96428 -1.56828 -0.021052
3.90337 -1.58765 -0.0407817
2.94725 -1.51629 -0.015767
3.91105 -1.52608 -0.0283566
2.94252 -1.44066 -0.000559652
3.91799 -1.49326 -0.0807736
2.9399 -1.42346 -0.0250526
3.92964 -1.43936 -0.0430724
2.94214 -1.38419 -0.0126163
3.88641 -1.36881 -0.0143105
3.597 -1.0757 -0.0787684
3.83725 -0.302914 -0.0406722
3.8572 -1.64381 0.0515951
2.97185 -1.57355 0.0152671
3.88998 -1.55137 0.0137823
2.95828 -1.532 0.0321588
3.89075 -1.52042 0.00900384
2.94044 -1.48647 0.00179041
3.90337 -1.48686 -0.0255641
2.94483 -1.43155 0.0220327
3.91109 -1.44245 0.00178616
2.93737 -1.37747 0.0197733
3.89274 -1.39796 0.011751
3.58077 -0.999372 0.023214
3.13032 -1.09815 0.0126201
3.59542 -1.07914 -0.0541367
3.89649 -0.256547 0.00196746
3.83449 -1.66924 0.0802904
2.9917 -1.60912 0.087377
3.84847 -1.63922 0.0709596
2.97889 -1.57724 0.0638278
3.86363 -1.57316 0.0726482
2.96497 -1.52535 0.0817378
3.85528 -1.54811 0.0861489
2.9475 -1.47096 0.0702694
3.87828 -1.4604 0.0758177
2.94016 -1.42355 0.0670649
3.86805 -1.43108 0.0639043
3.53863 -1.0153 0.0660536
3.68308 -0.970695 0.0274825
3.30635 -0.968934 0.0974648
3.78651 -0.485937 0.0769976
3.78555 -1.67339 0.0899988
3.80379 -0.493684 0.125631
